1.045245727479768627e+00,2.889461270014936467e+00,-1.471443568699731586e+00,-9.160578294553035628e-01,-9.450446226229920754e-02,-9.274947663245435292e-01,7.784310217346233074e-01,2.816177968018758748e-01,2.261251050797675788e+01,-6.080707415896697415e-02,-1.301173672912093737e+00,-1.271567312519104709e+00,4.435207622920824377e+00,9.015762182252406998e-01,-5.298253116321332418e-02,-8.086263104203972318e-01,4.754859692034072993e-01,2.316941596258567770e+00,1.382180142755405683e+00,2.721278654233523220e-01,4.753195147031693324e+00,3.634545965664346956e-01,1.725661736927836998e+01,3.046305722445623587e-01,2.710146256210605120e+00,2.865780514764162845e+00,1.174359318561686294e+00,-6.692621545105854608e-01,-1.021179098048761613e+00,-3.541428864310448010e-01
3.245625013652332580e+00,8.985666794648095035e-01,-8.616884565282877384e-01,-7.834100363004034007e-01,4.447065582853388932e-01,2.480424144473202808e-01,-3.027015618052294688e+00,6.865313618309478727e-01,1.825342712294779179e+00,-1.148836657482674939e+00,-2.070094796518772817e+00,2.290425867300760032e+00,2.865767025819620528e+01,-2.420561982883215002e+00,3.563132002096625062e-01,1.784716931423737885e+00,-5.300257139908587378e-01,1.358697575130282553e+00,-7.361681070176232522e-01,2.641908307185352189e-01,6.129142096449706756e-01,1.735135124525307049e+00,5.400375695325039693e+00,4.388853994077019371e-01,-9.180239343189205981e-01,8.061857810203965080e-01,9.750097754193495225e-01,-2.472835605979098972e+01,1.632515143136566982e+00,-1.505967526915109156e+00
4.805197098110117748e-01,8.522243392237498494e-01,-1.425531710577032429e+00,-9.509803204462706772e-01,5.486014216946025757e-01,-1.320930274738131294e+00,-8.373349969687164940e-01,-2.784268859146167951e+00,3.057657090089517027e+00,6.046951154062286671e-01,2.235146303422129055e+00,-3.571066922595160231e-01,7.946477234928466249e-01,5.031146716940307906e-01,-7.868565532770083193e-01,-1.308175559747130901e-01,5.512140811004813123e-01,-6.605394044897818784e-01,1.597116993530049989e+00,4.847087469752087152e-01,3.115257307045524726e+00,-3.778940772757174216e+00,-2.497221984453374954e+00,-3.571680205658871010e+00,1.309666594840894094e+00,5.568198752105963933e-01,-1.988887403848436097e+00,-1.339642313032699539e+00,1.627444754529364657e+00,1.339674465413318805e+00
5.382562632299945360e-01,-4.085765005930546145e-01,-2.462911070980831507e+00,-1.532344672958328768e+00,-1.782204631578075404e-01,1.926814509320816882e+00,-6.202810057961291035e-01,-1.319225516417833921e+00,1.730125242972537558e+00,-1.131830717647103413e+00,2.314834680360643854e-02,1.812562315361779808e+00,9.873723229999227247e-01,7.981140884323933982e-01,1.417852423927705441e-01,-2.112959870638631443e+00,-5.992611012957967109e-02,-2.274761467879167665e+00,1.221437249541277081e+00,2.730630760018997183e+00,3.459588043711343985e+00,-2.941521227573688613e+00,1.658552217427870445e+01,4.141462725620879692e-01,-5.611102718186259386e-01,-4.755903934574468028e-02,-5.717252291857318758e-01,-2.712446995366932789e-01,-6.294146228926054132e-01,-2.368431125311598329e-01
4.322147721295198641e-01,1.037553651592808546e+00,-4.171735748601550497e-01,6.704248008582747165e-01,2.017206877218445937e-01,-1.398020288795894517e-01,1.712560697521505082e+00,1.935012590093954099e+00,3.212121433311412311e+00,1.665733272579374757e+00,8.590630981738309746e-01,1.000446493050185026e+01,1.389230754904469789e+00,-1.903932211019388476e-01,1.421894876106837069e+00,1.494190449287136513e+00,-1.383617175961749490e+00,2.643572892010043751e-01,-5.428857486771974938e-02,-1.858570368666767614e+00,1.142250101168197585e+00,3.094830455561698557e+00,1.435869600237528410e+00,2.554048293806615355e+00,-9.100438241042642096e-01,-2.383187071736154461e-01,5.347625640130211355e-01,-8.207603658943600777e+00,-3.083975680268551400e+00,-1.429046505983962101e+00
6.797280152571106848e-01,-1.737814963341486107e+00,-2.845953986282573123e+00,-3.511251524120971579e-02,1.457151764018268736e+00,1.870947991401198829e+00,-9.342875053603519886e-01,-1.210600303392651789e+00,1.113680348939182885e+01,1.609893184874872984e+00,2.898781188486468929e-01,6.546926190214147567e+00,-6.113990107760043369e-01,-1.248631407392789772e+00,1.086152682135549830e+00,-8.371292669259661201e-01,-3.438564347509101005e-01,-1.468920076183796164e+00,1.891497810744206642e+00,-1.452581128490697981e+00,3.147797654674270973e+00,-1.569893693172557558e+00,6.128090266345421533e+00,-9.325273173967266738e-01,1.400421530071862763e+00,-1.594991082464332521e+00,1.470307132262524297e+00,-7.240558151282923127e-01,9.387630499780363902e-02,9.238239440225602950e-01
-2.896838430031224987e-01,-1.468476272842279551e+00,1.077952443935487503e+00,1.527289390541068936e+00,1.055955368864318622e+00,9.820157985741492235e-01,-1.354160494583375396e+00,-1.260445541474099151e+00,4.092616935651616217e+00,-5.111219509905877700e-01,-2.780954694044537767e+00,-1.808982165393852704e+00,1.409613993481420247e+00,6.722239523797430838e-01,-2.587052069106450247e-01,-2.254595261502298609e+00,4.373038553900674419e-01,-1.088583435791772080e+00,-8.739427001260519079e-01,-8.114768267134943036e-01,1.679859399303633705e+00,-5.327675849279539522e-01,1.102863654052328446e+00,-1.338610962632133528e-01,-9.052870730612251615e-02,1.309143966924579905e+00,8.783052630585098663e-01,-4.282732007901723037e+00,2.133610284910986366e+00,1.564801904561875734e+00
-6.466481710139371231e-01,-1.235237860182522462e+00,-2.025295931472943955e+00,-1.757564760730488285e+00,-1.548307690105279466e+00,-1.103632586503359159e+00,-1.572413035277613558e+00,-9.828669681314655682e-01,3.980822224237479112e+00,4.773388172084722797e-02,-1.391299947567108397e-01,-1.292898190097593103e+00,-9.518026516880488952e-01,-2.797745527440569369e-01,-1.936424417625782990e+00,-4.306262940067446809e-01,2.082710198254315692e+00,2.303116012032155879e+00,2.755763749883756386e+00,1.289900987904500695e+00,-1.506358982546157410e+00,7.596402644462887377e-01,1.571151910569010290e+01,-4.625779424545213292e-01,9.489716083930572754e-01,1.859467242080064531e-01,1.919350975076283827e-02,-8.049565401328210967e+00,-1.090193333133219866e+00,-4.668761236824779393e-01
-1.093248361063273277e+00,7.944832127129511368e-02,-1.336898941272777641e+00,-2.656834320048143128e-01,2.286119491779680102e-01,-1.594625430208988170e+00,1.908603168243363957e+00,1.719226152840759525e+00,2.658291386040115167e+00,2.210098908474506629e+00,2.867716650596158878e+00,1.572036304377827420e+01,3.778993951619977754e+00,1.149583996514774498e+00,-3.144568951891177355e-01,2.011093788202128252e+00,1.188846126933384095e+00,2.228370336587597755e+00,-1.084638106436340177e+00,3.142713972084329455e-01,-7.294789210068481911e-01,3.294269434004348795e-04,1.707652213630476723e+01,3.210645297762366290e+00,1.866553830680280635e-01,-7.723383836056583185e-01,3.268281438078428081e-01,-9.825505377046857447e+00,-3.481822741572702551e+00,-1.371090754217527019e+00
4.499948152172630778e+00,2.081903862784548309e+00,3.198606991808209538e-02,1.355131348082742271e+00,-1.471215271091079080e+00,-1.761332314380668951e+00,-4.594936771690772970e-01,1.583168142091424091e+00,1.013024770277976927e+01,-1.166863471586577106e+00,2.481238628558344317e+00,3.769716759721236432e+00,5.593177393445580492e+01,4.328077091601945647e-01,-4.336782524093263924e-01,3.161317431223847896e-01,4.503918997975323579e-01,1.286992867393775608e+00,-2.099589517422130402e+00,-9.665008548117918208e-01,4.505456433046492570e+00,-2.952303141523575647e-01,6.114951674784451008e+00,1.595902764153070752e+00,9.997670664380621242e-01,-1.014481451191439509e+00,-2.299870453137660142e+00,-1.167682953139401514e+00,7.026798837901505612e-01,1.405390921923229675e-01
-1.166176833779863475e+00,8.035987293663883479e-02,1.936126789576213758e+00,1.715317527251835727e+00,-9.317468082263972162e-01,-5.337661975984459017e-01,-8.902770973376701313e-01,-1.295065147570626296e+00,8.009293727585662381e-01,-7.589984987176212616e-02,5.591574390668174743e-01,2.113555079459849828e-01,8.595318362773176624e-01,-1.781627236031838146e+00,1.802217810017356037e+00,2.280613367631630251e+00,-1.531911478588931175e+00,8.335709104145305748e-01,1.880796643504261567e+00,-1.485211413467297792e+00,-9.316167769614188687e-01,3.335855544924335447e-01,5.430994338185231030e-01,-2.565376512610503035e+00,-1.346352408538749934e+00,4.502683966076145849e-02,-5.343555249346835234e-01,-3.013719628816414975e+00,-2.096358925185473066e+00,8.757221458156142502e-01
4.081891041431532363e-01,4.147407337385560985e-03,-1.701954371611643424e+00,-3.105575752333165074e-01,1.991875139639314396e+00,9.980684849413767878e-01,2.208461451146118026e+00,2.486963040814263337e+00,-2.135518277092259609e+00,-4.722489748748079030e+00,-1.737457208865912373e-01,6.271277663703833838e+01,3.763969559594163794e+00,1.205949178987300252e+00,-1.620292818127480938e+00,-2.211543896445594903e+00,-1.156178819133254265e+00,-2.655697014102096354e+00,2.507072377693031040e+00,-5.260300697410381643e-01,2.272380963927451702e+00,9.254478787003672657e-02,1.816934085838637003e+01,-1.384245184692338260e+00,-8.196905864109640394e-01,-1.090294988022711298e+00,1.130295021725140625e-01,-1.357213911806301887e+01,-1.137330944200287686e+00,-1.434058703088755937e+00
1.513459184040951477e+00,2.662618976709925978e+00,1.188887542197593294e+00,2.134448499923699227e+00,-1.857104085484458267e+00,-1.118586729793032086e+00,2.691688502186622145e+00,1.864906784668877826e+00,2.155028517433425961e+01,-1.820154569245639342e+00,3.947926573252257820e-01,1.186542551809977653e+01,5.200373439058561864e+00,-2.987753519135293856e-01,1.656830989686441269e+00,8.704897510126274884e-02,1.733224691902983672e-01,6.092470804046001658e-03,-3.064292713783419497e+00,-8.605337595759749991e-01,5.224324058015374028e+00,2.527102237641463578e+00,2.283434085613508524e-01,2.403724627275627135e-01,-1.380414730941606161e+00,-6.959657949199646865e-01,-1.098800364281987907e+00,-1.937139903810004071e+01,1.165391544389577927e+00,5.238431402133363335e-01
2.169602267861638456e+00,2.902992441834278292e+00,-3.478987724623521793e-01,-6.378168776946419039e-02,1.515427078541639494e+00,1.859525358487292390e+00,1.730481045972316112e+00,8.255436357635103084e-01,2.285898597408981203e+01,1.800473761251719304e-02,-9.462401837735467947e-01,-1.916046832724332294e+00,1.308068907529335512e+01,1.854297025244163288e+00,1.475137298154158838e+00,9.965700476804927321e-01,1.226893940965250396e+00,-9.558795476445266504e-01,1.424717434926976445e+00,2.001142382301053679e+00,1.600593967018071329e-01,1.283701687433015159e+00,1.632413581104585010e+00,1.555733027868260399e+00,-3.681907009429045696e-01,9.679184814796891745e-01,-1.982225805380215311e+00,-1.009132170134904349e+01,1.609192372320922493e+00,2.303805242173414314e+00
-9.415819635831887968e-01,-2.694066263535697670e-01,-1.600171596534615492e+00,4.268333551857317887e-01,-6.088254569719718790e-01,-1.988030710959248326e+00,2.124624434277962437e-01,1.533279267621063813e+00,-6.123196689831968964e-01,-8.026737210605261463e-01,-7.445292082788187438e-01,1.082726193122200087e+00,-1.019822093847624345e-01,8.759079515710237462e-01,1.709546810385182525e+00,1.166323634826073263e+00,1.290404497288862196e+00,-3.718983881482791198e-03,2.645807419573340535e+00,-9.519267597075717902e-01,5.535768327377066367e-02,1.956715694991331134e+00,1.586143347742616561e+00,2.068434249111009926e+00,-1.346123071530470616e+00,-1.776465091793985263e+00,-3.512926205702420757e-01,7.708649113057490787e-01,-1.680421481011682205e+00,-3.470040234505379351e-01
3.046268525501497626e-01,3.712032478873136809e-01,-1.004262236365387750e-01,1.017683035670208458e+00,-2.362487608823344021e-01,9.977027986274761284e-01,-1.336056213749751698e-01,-7.302952686173154184e-01,-4.815138935837569023e-01,-6.496090572473302016e-01,-6.534205301128900301e-01,-1.004072910324557977e-01,2.468620357448595648e+00,2.129122926063975907e+00,1.904697694831596344e+00,8.933963294708830993e-01,1.132525000239436253e+00,-8.429072880202935769e-01,2.129801767100697241e+00,-9.199943346394122701e-01,3.289273868488543640e-01,1.403801374967056148e+00,1.562596314074266246e+00,-1.363744532332134662e+00,2.224382603717489360e-01,7.159281826066586918e-01,-8.661003004781905323e-01,-1.030021922294990455e+00,-2.029736663111297190e+00,-2.812418889094417285e+00
4.400220451496806295e-01,9.752663859482445519e-01,-1.912596954483071210e-01,-1.919348916301542252e+00,3.040826935461365288e+00,1.616450336666674703e+00,9.012643499070270847e-01,6.624351549782101500e-01,4.999516642769195940e+00,1.953886261586018636e+00,4.286434891953553317e-01,1.256330329943427593e+01,-6.812070476692133614e-01,-1.590673252702255791e+00,-1.296313867363182715e-01,-3.220704930565400359e-02,3.440866929368892047e-01,-1.263835285332309821e+00,8.935158221081499486e-01,1.763017775424332134e+00,1.406101976490225836e+00,-7.657612125880490783e-01,4.814134476836700927e+00,-1.629503334925049618e+00,-3.236347916049699125e-02,1.216853028567259187e+00,-2.526349553655468760e+00,-2.119438912305706246e+00,-1.395810840485850746e-01,1.354742804798972244e+00
2.038874972210747427e-01,9.361735008569437300e-01,2.812167484768085313e+00,1.659247919621279932e+00,-1.767925529128361095e+00,-1.066740298970223266e+00,-1.966618971725208498e+00,6.761702343892171674e-02,3.570139421357003684e-01,-2.232675468411000175e+00,-4.418139358905698311e-01,1.422581460373541873e+01,-3.932082800181727622e-01,-2.816103647209167171e+00,-9.576863636685775116e-01,1.344025299720381650e+00,1.700183279411324300e+00,2.156921676738490223e+00,7.394358277438424221e-01,1.690324335229552499e+00,-4.491997932272249194e-01,2.364072259206799309e+00,1.434611613758705140e+01,1.175972658128362935e+00,1.277539818294929130e+00,-5.789544817701007817e-01,1.375638200548670476e+00,-6.811115976592819976e+00,2.317352429774401923e+00,1.099708116048530471e+00
1.179514928520560835e+00,-2.385019991424266461e-01,1.438872208149758469e-01,-6.590957872997559308e-01,-1.569116874243973836e+00,-1.288803275093088674e+00,1.089360805242833186e+00,1.663660001716478432e+00,-8.930073320556762839e-01,3.849336380244192668e-01,-5.128871276588631289e-01,-1.725299550805657667e+00,1.942826171742076946e+00,2.299948070261280453e+00,4.844954287208232402e-01,6.485231492510269424e-01,8.612075243233320299e-01,1.271841344572262333e-01,-6.709378429212379258e-01,-1.837442945525573634e-01,1.665402161706172501e+00,-3.738591419472030442e-01,1.208531510555600264e+00,1.481719494264929882e+00,1.656830135056614139e+00,-1.401306136819302273e+00,-2.514715802921746679e+00,-5.756263515669882480e+00,-2.454947691261484544e-01,-3.644682893016777392e-01
4.972708424688987439e-01,-2.526264016162377835e-01,-6.863302596673049871e-01,-2.816536173976432078e+00,2.014034251951123178e+00,1.876363949185652302e+00,-1.971614820865330298e-01,-3.867677565263156758e-01,1.804230288979761010e+00,-1.055016154201554146e+00,-2.699372387736570733e+00,4.999728626644150964e+00,-7.975892610477863798e-02,2.881466684519434773e-01,-6.586994464288975504e-02,8.087611462888869562e-01,-1.723991559814823216e+00,-1.047594289826680597e-01,3.695210200492708430e-01,1.132522469415353283e+00,2.280353667306106669e+00,5.780985679025016921e-01,8.252945079664550931e-01,1.338884171059190553e+00,-8.565130924410553348e-01,-2.412218033057636379e+00,2.877257849072044404e+00,3.186859402731953228e+00,-2.208909737159885367e+00,-1.115918816928408441e+00
1.001757795925914685e-01,-8.073339627321297618e-01,1.213389959711564048e+00,-6.063350141109883351e-01,1.782248471323071293e+00,5.164096048549458029e-01,-1.210877866698113925e+00,-1.276132220904749648e+00,3.660399641631116197e+00,-8.270609090953252585e-01,2.529416152589710615e-02,2.375900344438616418e+00,1.425032461980730858e-01,-1.029432954327018201e+00,1.792539684718768012e+00,1.346569147772519237e+00,-1.495186914550624246e+00,5.198565907643182271e-01,-2.200626693071154050e-01,-1.313261188834886628e+00,5.065281217584230999e-01,3.351357908949371911e+00,1.088206019432411908e+00,-5.785472293717939252e-01,1.623757669054671116e+00,1.913503808330341838e-01,-1.336974743104326624e+00,-7.258013739734732184e+00,2.376741752779590044e-01,5.167724181882817902e-01
1.570055832056245881e+00,4.772163129758753009e-01,2.071242076793641529e-01,1.010733812639452944e+00,-1.254419409948532294e-01,-5.432341177377771890e-01,-7.385104352693485641e-01,7.198571473472982207e-01,1.916195849007033214e+00,3.583989500898160929e-01,-9.738316194797016490e-01,-1.126889566138356669e+00,5.493528717101052727e+00,-9.899210432638785306e-01,1.214466711458376924e+00,4.439757334694067747e-01,2.883343224378401626e+00,4.156686424051345696e+00,1.136032201440340533e-01,1.261664773415063223e+00,-3.347358559596654626e+00,-2.025574967685006111e+00,4.932212698253963623e+01,-8.544854946673501317e-01,-2.864013588028563984e+00,-2.370580848672295404e-01,1.143307268830860535e+00,-1.728514971256265742e+00,1.992755386497024328e-01,-6.526368832920466101e-01
1.721762728058988445e+00,4.470733507384726524e-01,3.303149841934621467e+00,5.226716728640711240e-01,-2.601994815220757040e+00,-1.006113138593838663e+00,-9.804689091246502342e-01,-2.122216545680690944e-02,2.255768429603076441e+00,8.118365556145716866e-01,2.293279218913947037e+00,1.017183794480652548e+00,6.684879763246295958e+00,-5.039691219459224714e-01,-9.471542040878215829e-01,-5.477134915567081208e+00,-1.147113733247546730e-01,-1.924349039020749330e-01,1.664536664151490042e+00,-8.598723747675088847e-01,3.454596066454968195e+00,-2.323230396732568703e+00,-5.321182574424299094e-01,5.672615247226571178e-01,1.097477011930388269e+00,-1.492791045223354152e+00,8.756839807574672285e-01,-1.861706330799917986e+00,1.539732143609447323e+00,9.119869527605788395e-01
3.289023292605713217e-02,4.068253211133286973e-01,5.471486065786472786e-01,-1.575669927354675703e+00,1.736579198255637113e+00,1.651455912711941920e+00,-8.842851075185013954e-02,9.157684821447731327e-01,2.379086840748962484e+00,1.056421422906885565e+00,-1.195832304061387630e+00,2.376962345688647726e+00,2.614281888906864193e-01,5.454553698223549990e-02,-1.030615776670116945e+00,-1.237451191115719329e+00,-8.680608743421884543e-02,1.460973193785083168e+00,2.025985823130354579e-01,-6.442512089494285554e-01,4.063856440369217005e+00,-6.835861346563565366e-01,3.451163897773429579e+00,7.461864496751979825e-01,5.395126540041856877e-01,-6.365538354528939291e-02,1.528464829060917074e-01,5.029001566727013817e-01,-6.396919433228586138e-01,-3.943373876219863905e-01
-1.003734640498036956e+00,-2.029199203811738253e-02,2.475026176791841781e+00,1.152282552093474521e+00,-5.957747063773767282e-01,-6.177318228455002530e-02,-1.223662859496232436e+00,-6.484345582485692150e-01,-1.395796476410078535e+00,1.803256796143953011e-01,-5.124211925760382286e-02,8.273505752749021891e-02,2.183311835234025722e+00,6.541521749034286126e-02,2.705875561630997073e-01,4.813313904187551118e-01,1.914314624733881587e-01,-1.610555719554790821e+00,1.649859297056172958e+00,-1.725162248538533616e+00,2.017698607759123686e+00,-1.280483886178867881e+00,8.074249631943613892e+00,-1.481245250537465807e+00,1.731840956900231043e-03,8.011288426073208679e-01,5.890312970391387015e-01,-2.896188280787702851e+00,7.108254359000596434e-01,-7.023252139806780425e-01
6.103401837304617272e-01,1.148102420417503877e+00,-6.465279348852028818e-01,1.896598024452112563e+00,5.396541404867700731e-01,2.550609339975085987e+00,-9.711685922324083675e-01,-1.764779254556294585e+00,4.371821893105527046e+00,2.573652399254652501e+00,8.578024337647576214e-01,2.479082271939108040e+01,8.560854158785511370e-01,2.772029140978987005e+00,-4.695357390764103855e-01,1.737481323463381910e+00,-1.369191771044091732e+00,-8.992557609923109707e-01,-8.503172969420229321e-02,4.310862697286463319e-01,2.170119838752720298e+00,-2.860315315833505512e+00,1.255490411803981132e+00,-1.875622042503291675e+00,2.659899576892160056e+00,-2.375751922990949339e-01,-2.837995054899084213e+00,-5.251691934797543482e+00,1.758379697033433386e-01,2.129934973242053164e+00
1.303064641823951986e+00,-9.456302629345414434e-01,2.100523038508178342e+00,1.209835645564061979e+00,-1.742849081632072750e+00,-2.470936337041780284e+00,-1.085288150636733590e-01,6.575373822500830689e-01,3.932786600929906395e+00,1.329070121197198029e+00,-1.009293093067113789e+00,4.215720830035252220e+00,4.518341878073141693e+00,-8.602009600608692130e-01,8.265862887002259907e-01,1.112666332620935838e+00,3.414725513559420111e-01,2.165235818131067802e+00,8.551966905745106429e-01,1.756020814197583491e+00,3.095245430772428641e+00,-2.446706510305871163e+00,1.549040713038590589e+01,1.701162552019404250e+00,-4.690924014159398303e-01,5.809483783550615232e-01,3.469247597411697637e+00,1.998509008152729249e+00,2.088730869832582382e+00,2.349105264952105365e+00
8.869070257552699177e-01,9.621097600663283123e-01,6.015941067104776385e-01,1.205199534684961549e+00,1.513742604329165520e+00,9.228970882016173105e-01,7.619982405581535723e-01,-1.655592458078412710e+00,2.009783615312020100e+00,1.593642549441983913e+00,-8.257241245194192336e-01,7.027332690672452920e+00,1.041644596655867838e+00,-1.236763295121320549e+00,1.537447293891902378e+00,8.865132755737574755e-01,2.317709372301679505e+00,1.556157416641757107e+00,-1.249224738199255835e+00,-7.592234952891528943e-01,7.391749559273681491e-01,3.594895873622936833e+00,6.605136603284737618e+00,7.996381006601345209e-01,-8.054556625515419954e-01,-2.566119218400613189e-01,-1.263445070127287240e+00,-2.155323345979114347e+00,1.047803983264964156e+00,2.159435294941884020e+00
1.533501691354612007e+00,7.058232624375634368e-01,4.634373409375888708e-01,1.406063502463849924e+00,1.481525707611007769e-01,7.705920725218127210e-01,1.003896605451100599e-01,-2.087344619526012135e+00,2.044187161633790328e+00,7.072075843269574058e-01,2.049074869097713858e+00,-4.802529640862496230e-02,6.518887039829814434e+00,-6.522365815337963779e-01,-7.337103193129187462e-01,-5.379312660466031293e-01,-5.996450748843842327e-01,-3.042702921983294839e+00,7.847709800132723901e-01,-2.621506557737723897e-01,4.376477181701089236e+00,-1.559548110648931729e-01,2.750228114638974475e+01,2.008240999634441915e-01,2.517550324599554301e+00,7.367328577364175013e-01,1.928198808805379638e+00,-1.057612817525899751e-01,2.813188135801446554e-01,-3.076597185931874701e-01
-1.784408436876794735e+00,-1.085096857151151228e+00,-1.232261179398707052e+00,2.834511874173578416e+00,1.853913040590988270e+00,1.039087702623498366e+00,2.379459697245657424e+00,-5.769292915398241961e-01,2.281711800126467793e+00,3.077349676133562806e-01,-3.015708540901927748e+00,3.597870947057355551e-01,8.317814377711803431e+00,-6.428049644957700703e-01,7.117957501798212183e-01,-8.613311945186600260e-01,-2.460903568834492461e+00,-7.139167191127295808e-01,6.422731121787123021e-01,2.968310764590351702e+00,-4.953254500000290328e+00,-1.409076607733969144e+00,3.308748417570499534e+00,4.786545461560873793e-01,2.995557947824136202e-01,3.821081399674034484e-01,2.745820882194646151e-01,-1.720934100971528835e+01,2.290383674664612457e+00,-5.082420799392838306e-01
-4.100968505996879787e-01,-2.516686195621545163e+00,-3.404277658154477582e+00,-1.431248542066242413e+00,-4.359569844940607841e-01,-2.082915767928310569e+00,5.461119248699742856e-01,7.969146037681824613e-01,1.793288285696928952e+01,1.689466885729545009e-01,-3.308812322538365880e+00,-1.929091631936133089e+00,1.307084438446228125e+00,-1.748621533714033449e-01,-3.141015649761978445e-01,-7.980986107264792517e-01,3.470586207307594373e-01,2.260595163699528509e+00,1.542426683683851385e+00,1.733039351003291095e+00,2.916979459732340629e+00,-2.345059374547254549e+00,1.556508418849156605e+01,1.642874110970489188e-01,8.871685283672007261e-01,-2.251494541966803653e-01,1.133247041480063277e+00,-6.530353645619002556e-01,-3.027282148268589657e-01,-6.398154496758006182e-01
-3.719995604141432821e+00,-2.429730036716743147e+00,3.986605697148305760e-02,-8.192404732556773927e-01,1.648340085688192902e+00,2.463828931157955981e+00,-1.876274306108656822e-02,4.390589791404949094e-01,1.513055361978949165e+01,-7.773259519579289734e-01,-2.322034627826961906e+00,-1.476464466495842620e+00,3.895696156433771762e+01,9.767352729545999424e-01,-4.375137466086191917e-01,-2.213869388388132742e-01,6.407093619922452077e-02,-7.557432573236539941e-01,2.501634202728692316e-02,-9.142093877948386238e-01,3.861461173073571285e+00,-2.933243995912794500e+00,9.830015600825192656e-02,1.599273371307728508e+00,-2.399625859653389703e+00,-2.163204629367452281e+00,3.676592648505091487e-01,2.312291057170089648e+00,2.473974693080248421e+00,-2.759806505355238970e-01
8.483311175627976652e-01,1.916399467498730580e-01,-1.777946773904195865e+00,6.009020434031963065e-01,-1.043349493896255531e+00,6.239278762021777114e-01,-3.159956572731657420e+00,-1.289339365232145651e+00,-7.901076701524811785e-01,1.124383082807981049e+00,3.259885889401199499e+00,3.648436986981835162e+00,-1.575152799808238413e+00,-3.413214116830473266e+00,-9.551412025115444404e-01,7.454255506224106709e-01,6.159919047067035497e-02,-1.159816694612489485e+00,-1.161718807931443553e+00,-7.037054278459161649e-01,1.290971673268314523e+00,6.717377807728925898e-01,3.952196117837044831e+00,1.203682992379991046e-01,5.457134121041101738e-01,2.709803433448860766e-01,1.188984330940609402e+00,-2.688103806690823205e+01,3.574884668445256763e-01,2.016322887888145843e+00
-3.263654855210827016e-02,6.334309943605754833e-01,-2.696746485730285858e+00,-2.198284868390794955e+00,-1.765693793593126726e+00,-2.016711988925527166e+00,2.492848081921239078e+00,1.454633003558926330e+00,-1.462657768657448010e+00,-1.082670099609378322e+00,7.397350845779832040e-01,3.444031456758419374e+00,-3.111685028288945443e+00,-7.905771540230590588e-01,1.225603515735415483e+00,1.579051911937775499e-01,1.688174672056415027e+00,2.303518169406454597e+00,-9.080903453762694255e-01,-1.629744091597557842e+00,-1.110819861718762791e+00,1.320614623976117619e+00,1.468654289975020610e+01,1.928155241480465021e+00,2.826856398507788803e-01,1.203580089534366460e+00,1.128712804804381742e+00,-1.681958797199708044e+01,6.291298771108453369e-01,1.549977492205674601e+00
-8.917268815890628808e-01,1.962868176512404306e+00,-1.563502026077244755e-01,-1.200996135629614159e+00,3.975124142015326045e-01,1.281859906276241912e+00,7.695354152748856702e-01,4.981654888506064638e-01,1.228440888960030897e+01,-1.135318124511512039e+00,1.995842123457369222e-01,3.404707143283971948e+00,1.876051068116724174e+00,8.886833391920243574e-01,1.022206704444820646e+00,2.021416606544788053e+00,1.144858078998023609e+00,-1.924852745100423590e+00,3.932315678199212350e+00,1.107739973781814991e+00,1.288216506636227443e+00,-7.671716738251002088e-01,1.125885443164137634e+01,1.383446006454514210e+00,2.748271713175691466e-02,5.036994414241531270e-01,2.172602783388351444e+00,-1.474454424597789526e+00,3.294998224451762825e-01,-1.603512042568921991e+00
4.152357760635849715e-02,-1.944387820642766440e-01,1.330717814568137092e+00,1.495520737530990463e+00,1.458231264974078289e+00,4.429415484185467156e-01,1.349582858700848709e+00,2.052435233572287299e+00,1.949647395247035453e+00,2.121642524869963076e+00,7.305709512557890806e-01,1.313531374514531080e+01,-1.553130579878028827e+00,-5.740249680892059447e-02,-6.896524452575802933e-01,-1.788509111162648546e+00,-1.643416357529972283e+00,4.130152524753019083e-01,-1.005833136944683792e+00,-1.323284208329357003e+00,-1.811233728932705844e+00,-3.337543290519411787e+00,3.343878052836015691e-01,1.573239328900787548e+00,2.814527293062820235e+00,2.683573617527427846e+00,9.568667603147350542e-01,-3.289850344761666268e+00,7.409528428237279751e-01,5.049819918722050494e-01
-1.340663005252504592e+00,-1.145529405367363918e+00,1.497452235963068867e+00,-7.837814725355588541e-01,6.128689079374353144e-01,5.418254951153109733e-01,2.575012543166647294e+00,6.732613556687642165e-01,2.042622540237047257e+00,1.060600945957688390e+00,-9.074439668744991305e-01,-5.917119329833719910e-02,5.486746844644479815e+00,4.503542094059885814e-01,1.045037952547079207e+00,1.803879095642956232e+00,4.748844010229313350e-01,1.268883515465331957e+00,2.346163388932862581e+00,1.652588299388481730e+00,-1.379318967916307592e-01,-2.147760749988671947e-01,6.906847106654267598e+00,2.977338990785809880e+00,-1.103467177053976567e+00,-1.622464588979535938e+00,-2.224408076540549839e+00,-2.047971799204888654e+01,8.088629099574933257e-01,2.046144212136422169e+00
-8.531804053311532465e-01,-2.505306764115682761e+00,-9.981712147859087558e-01,-1.999337653860568054e+00,1.930157992737703054e+00,2.318106208582337846e+00,-8.497272005108249537e-01,1.162921868857742291e+00,1.862672224104345275e+01,2.699475146013603055e+00,1.971372600299505118e+00,2.120596547949768862e+01,1.637767729000466410e+00,2.632836830465373201e-01,2.015449475619697228e+00,-8.111600643270767685e-01,2.380880206612063343e+00,4.352798650555014248e-01,1.890700087573020660e-01,1.129323382449389124e+00,-3.605559871770695590e+00,-4.627279307542176312e+00,5.591570793505604708e-01,1.162986138062759522e+00,1.588476022354383232e+00,-1.811119880546620209e+00,-1.653677317754171261e+00,-4.501025907680569205e-01,-2.996177894682771292e+00,-1.680720932867868056e+00
2.381289976244488626e-01,-1.511963208305789230e+00,2.994230322856031634e+00,1.115409254072142975e+00,-7.423564613635966758e-01,1.953225743183282903e+00,-1.157711772613478018e+00,-2.897290796169023519e+00,5.212123763939569443e+00,-2.515122226040042541e+00,7.377406227166396491e-01,1.852848768324111006e+01,-1.747564363428812495e+00,-2.114531932355419919e+00,-1.553212170511043100e+00,-1.666656090763783515e+00,-1.314330674067613725e+00,1.270400554511971203e+00,-1.050197227223903296e+00,-1.839170615731848146e+00,3.565346416624033399e-01,3.162883197113973477e+00,1.746758956987029876e+00,-9.322897448703019174e-01,3.128063577578577559e-01,1.910315479998202060e+00,6.894124562746946072e-01,-5.054039575688568320e+00,-1.536631089570436481e+00,2.089532878661806981e-01
2.467646295264716017e-01,5.198899716027655105e-01,1.034480315250189797e+00,4.853683392909144412e-02,-1.433427912282644046e-01,2.996441982651385949e+00,9.295750919700871417e-01,7.093011468421691612e-01,1.578332947743853687e+00,-9.764106464303251576e-01,9.574101186731668323e-01,1.123310133879981132e+00,-1.477278950136179825e+00,-1.677904979845081801e+00,1.266759466670032586e+00,7.636760367949769757e-01,-2.962287008507052954e-01,-4.230112780862656519e-01,2.437155277911808859e+00,1.453790675830491652e-01,3.848136451591154028e+00,-3.545441526985766423e+00,2.036315323141254741e+00,-7.687284274138386775e-02,-1.289202360235292222e+00,-1.104963841941720704e+00,-1.798835935953968512e+00,-6.155474025937739402e-01,3.713454827360638699e+00,1.720104448606189385e+00
1.289046968020569617e+00,-4.582330158432195155e-01,5.692911136392088123e-01,5.448784578496792541e-01,-4.524364362051064292e-01,2.690605137060328444e-01,-2.558123788030621792e+00,-6.661551045143738747e-01,-1.675979976035907981e+00,-1.672378387834485336e+00,1.660672665755222877e+00,7.181779231760255122e+00,4.350432342585603962e+00,-2.694211501959798305e+00,1.223346901728469716e+00,6.535774345145046738e-01,1.188369160005816987e-02,-1.225561267225621753e+00,-2.715206463466428299e-02,2.128660697761054210e-01,2.001379641903093365e+00,-2.375924340913304622e+00,3.940903933654493763e+00,-2.755362629898580606e-02,-1.052144847140728645e+00,1.375674094337591968e-01,8.618003327330978625e-01,-1.725589767676884634e+01,-6.327278699603205991e-02,-8.523459108609252599e-01
7.760484051201058664e-01,-7.008336801991545129e-02,-9.055954101757973662e-01,-3.902033109994509225e-02,-1.741242114571064148e+00,-6.938829930639388577e-01,5.743350255833729566e-03,2.080847236606885031e-01,-1.145297358669892240e+00,-1.473138876029718436e-01,-1.080734582995718895e+00,-3.099564417553352769e+00,7.336672492575634363e-01,-1.215430346609423840e+00,-3.607063594576339072e-01,-5.778654050077849380e-01,-2.499307864343348395e+00,1.126536394290522880e+00,7.511713859248833058e-01,2.049724052867167412e+00,-2.275899745976426303e+00,-4.767716922721001449e-01,1.725697614114025225e+00,-4.007888140943992816e+00,9.583283786448316688e-01,-1.852256124293897022e-01,-1.349830301993528492e+00,-1.922189616638636300e+00,1.195109259776822697e+00,8.558422827545413281e-01
5.084154336209179004e-01,-2.182203324999127503e+00,7.048946827228079470e-02,1.393114608764037587e+00,-2.255520438939258646e-02,-1.208060508908584740e+00,8.904970241686090970e-01,7.623269665622187663e-01,1.312690751156002733e+01,-3.704489852849642273e-01,3.839370906324260369e-01,7.572493636658663707e-01,1.495304397534038099e+00,-2.474117861011788377e-01,3.565649910006900569e-01,-1.753736422069475775e+00,-2.877696188630609164e+00,-2.148775645276689072e+00,7.502920024257760945e-01,2.086740909131231891e+00,-2.416199350121131850e+00,-2.085941095715802884e+00,1.510350752676867536e+01,-9.917974023320548227e-01,-1.028845614165512234e+00,-2.106951969209648556e+00,-2.124418144194647695e+00,-3.257626882618837261e+00,-3.366250032390848634e+00,-1.868830802978616923e+00
-8.425755029822930287e-02,-8.623189384972789195e-01,6.519871887806678867e-02,-1.529899680546319862e+00,-1.445083644144251167e+00,-1.790410426136761768e-01,-1.986326183239061835e-02,-1.042681616446554216e+00,1.677196755543828077e+00,-1.103646333718191208e+00,-1.817597425206221695e+00,9.952760261372621819e-01,4.479793250324573539e-01,-4.844549382659493197e-01,-1.770725472583688065e+00,7.564461210377905476e-02,2.459806933836446330e+00,1.836886826597027955e+00,-9.278113198023132391e-01,1.886970655864983748e-01,-4.119604119264860032e+00,-4.346635184423665699e+00,8.477924232612638278e+00,-3.773212339610108046e+00,1.169983881227777189e+00,-5.671663542559591820e-01,1.420138102022305282e-01,-4.271280862886027707e-01,1.501564568477201433e+00,-5.020659772657266595e-01
7.813447712003284140e-01,1.019470647911932426e+00,-1.325044546961624770e+00,7.710224052711366349e-01,-1.483815911325474746e+00,-2.863838743125020070e-01,-1.348135608267842400e+00,-6.737148440617179990e-01,7.609196753258848922e-01,-3.732846901653125160e-01,-7.538056936329756708e-01,-1.169268909863458994e+00,2.170781690366135663e+00,-7.087406453011345642e-01,-2.783210757621996656e-01,2.313098421024645246e-01,2.386150281753412372e+00,1.418582759001150828e+00,-3.846962783783440809e-01,3.196226953628687473e-01,-3.361935172173144082e+00,-4.285167169848369539e+00,2.597947010349845431e+00,-1.804715548319478335e+00,9.249300053429803103e-01,1.140935596432613996e+00,-1.826213915384899300e+00,-5.463136322338917772e+00,1.151770783646198115e+00,-2.626336586249268246e-01
-9.484898203122836824e-01,6.150654610948120826e-01,-1.367248056148010482e+00,-2.480355992906243534e-01,-3.067077843018702898e-01,1.874733092232976794e+00,-3.682810165557262594e-01,-1.234321379615523240e+00,1.134824170245618102e+00,2.841644005573187748e+00,-2.033333722543388511e+00,2.039523373831586994e+01,3.502109123080248132e+00,2.188290075652167932e+00,-4.997351486996545744e-01,8.493001253513952076e-01,-7.026696643993268765e-02,2.198838382812959569e-01,-1.204442797587130132e+00,-1.350298088481355574e+00,-2.780954644058399872e-01,3.120279095199588681e+00,-1.965709997687257626e+00,-1.718621504124713706e+00,-9.407311585861295455e-01,-1.435504045514947924e+00,1.175161642106484772e+00,7.730366603910625578e-01,-6.711972884864019218e-01,6.644747635314957046e-02
-7.243873886215742575e-01,2.619411610283888692e+00,6.478143967222319555e-01,1.163817373407652234e+00,5.704535206835341654e-01,1.076586441321582210e+00,1.372271899995990418e+00,-5.828019112349344111e-01,2.264373837343117657e+01,3.046990766038192522e+00,-1.392590926549866159e+00,2.456387068706178312e+01,-1.323318092209748720e-01,2.519581923449474292e-01,-1.008135987005401191e+00,1.304318131929375735e+00,-6.747687425682089568e-01,-1.586203495800692531e+00,4.886394476153484434e-01,5.826225660000085016e-01,1.562149386479913415e+00,1.647100350539625058e-02,7.589685397836253067e+00,-1.643648233932670344e+00,-8.621129882038467418e-01,1.284492110915699259e+00,2.039207078854044841e+00,-5.438230223295888344e+00,1.574714382785686873e+00,3.765129721770963389e+00
-1.037620437882192048e+00,6.167899988555628488e-01,1.913739017123406994e+00,-8.446583538518542822e-02,-2.521548877120527443e+00,-1.936433061071419548e+00,-1.920865885885261859e+00,-1.360174772017687772e+00,-4.593519009659392527e-01,-1.371547907696736290e+00,1.672754982303087168e+00,4.157606034791085925e+00,3.453189050288766548e+00,-5.024923206391324060e-01,-1.848332662549388550e+00,-1.078632872001357379e+00,-6.489374405544257041e-01,9.711817172429512146e-01,8.173730088208551736e-01,2.943209165508156033e+00,2.581463469985816772e+00,-1.763995901187458859e+00,4.762704341312853806e+00,-3.076118092254945258e-02,1.291385522236338401e+00,-5.406605088236080686e-02,-9.551256871745026356e-01,-9.265221118762216435e+00,-8.330526455573216138e-01,-1.078951073753837697e+00
2.078467164908843756e+00,8.803664371781205755e-01,1.369706689768025454e-01,-1.759293482242285878e+00,6.322270618091114791e-01,3.687310043990505437e-01,-9.841497612622078783e-01,-8.526522647409446876e-01,1.520318705560751216e+00,1.701098092331982059e+00,1.086843364482543928e+00,8.019342365960243413e+00,1.384486997872423331e+01,6.253650089545399471e-01,9.125609081230461328e-01,1.908134899831296805e+00,7.650998185298218957e-01,1.186411925713646287e+00,-2.877609701874650483e-01,-1.187501327215717994e+00,1.773096909270619248e+00,-1.683956897723611235e+00,3.616262533164782411e+00,-1.423398721487812546e+00,-1.734657275170979673e+00,-2.783334296170579591e+00,-2.134504582786534321e+00,-4.328373336919857373e+00,-1.248270743020993168e+00,-7.579460642282227489e-01
-2.428455555121037612e+00,4.965467829113030113e-02,-5.916605217751408352e-01,-1.064495136790093222e+00,1.567332434751365300e+00,3.823187739307548405e+00,-3.334944264888096699e-01,-1.787295784406187082e-01,-1.185233504792061021e+00,9.135411521747298647e-01,1.525366430535512574e+00,3.426681143466522528e+00,1.677090592819530457e+01,-2.231907284778151396e-02,-4.564042582404026493e-01,-1.212358382808388146e+00,-1.058559528714445364e+00,-7.688098753534706731e-01,-5.713042675683286387e-01,1.042583922323770729e+00,1.988742842426787671e+00,-1.628397656442384323e+00,1.319782595610160314e+00,-1.100267915341819960e-02,-1.239537384790230456e+00,7.294905903580727324e-01,6.729986607263942489e-01,-1.351115337445871534e+00,6.654165209933223801e-01,2.243943155351894592e-01
2.355706864946294665e+00,2.187851287282371882e+00,-2.744828246620825585e+00,-1.057503205695500714e+00,-2.615011957755290162e+00,-1.492005622952850441e+00,1.340149185286306110e+00,8.368687689383241812e-01,1.455112487822612799e+01,4.812557439773134660e-01,-9.122879406711493777e-01,-3.930509628199060357e-01,1.505905987472195307e+01,-1.195860138607684336e-01,-4.713937336143242396e-01,-1.133033057475318017e+00,4.450181709193078983e-01,-1.075876073226896823e+00,1.161268440773131072e+00,4.155290040438224808e-01,4.230850122820562831e+00,-1.171281189021021518e+00,8.474557974444989483e-01,-2.157868550443576616e+00,2.180883234738379972e+00,-1.349970899040093375e+00,1.135585698522105336e+00,-2.938630396895089980e+00,8.834641727127491295e-01,-1.736746787003821790e+00
-1.323541605795924614e+00,-2.290311440787663744e-01,-1.993233726057433708e-01,6.505380701617602401e-01,2.525818627550752704e-01,-2.802663630937165085e+00,-1.004078955946710705e+00,2.423028093577900499e+00,-1.793919852400557957e+00,-2.381687471505162523e-01,1.942295756142085938e+00,-9.524314171681219632e-01,4.028362781223735034e+00,-1.624603472813403782e+00,-1.038736451829283675e-01,-8.689091680349533831e-02,5.501609252548231854e-01,4.597528251852550651e-01,2.884335041134008293e+00,1.288858624854814505e-01,3.516397411924248928e+00,-1.582372744835470746e+00,-4.250146170517103972e-01,-2.950793985079185333e+00,-5.497746975969548533e-01,1.072934653250263715e+00,9.876819018393976357e-01,-1.766558488126314552e+00,7.644871392697608625e-01,2.270025854895079132e+00
-2.060632589768186751e+00,-2.368635474294134458e+00,1.595821229740330249e+00,9.084556537579789202e-04,1.579362540150751337e-01,-1.928264939948409196e-01,2.040010498399485339e+00,1.088090057228994212e+00,1.269683339315032455e+01,-1.396514592373245600e+00,-1.462745663482938552e+00,2.398765063211249604e+00,1.437616513956473696e+01,2.057602691519965887e+00,1.687866201676909039e+00,4.961559829016517487e-01,4.139813927051188558e-01,-2.162529016504316726e+00,9.729318118434466811e-01,9.665395022847582673e-01,3.543045438133318736e+00,-3.456066712994845247e+00,1.480537251060652437e+01,-5.355314227555689754e-01,-1.983529732318119576e+00,-2.179436981125324468e+00,2.228512783613779025e+00,-1.351188680670867015e+01,-2.323953296737640173e+00,-1.162584265804944561e+00
2.691088237490040225e+00,2.666714780938845397e+00,-1.377460210938733942e+00,-2.413945902938714916e+00,-1.109294400559402760e+00,-1.564360553670289367e+00,-9.346620204428398582e-01,3.970767800164872602e-02,1.930273286094182694e+01,9.787303947496535372e-02,2.953321706407094016e+00,4.047889016869209655e+00,1.919017220375370769e+01,-2.365467185674067885e+00,5.711492091783126890e-01,-4.285621171353223846e-01,2.366063129635122664e+00,2.767854711249759236e-01,-1.901862431181854385e-01,2.326941499581391959e-01,-2.065656931028363008e+00,-4.081849068118761359e+00,-1.265532345808512704e-01,-2.007682488280357447e+00,1.958758249235058868e-01,5.724904521530824880e-02,-1.920981418079372449e-01,-2.499859345250048381e+00,4.636647754009440292e-01,3.011914890525576594e-01
3.459055043495983917e+00,1.933849459844463770e+00,1.599321232122823400e+00,1.503334076995482382e+00,8.040906148976046941e-01,1.579831369979384004e+00,-2.684657138594329640e-01,5.156291349828149295e-01,1.057325101947824209e+01,-2.504574628071269404e-01,7.589738692546014187e-01,-2.345924357682921679e-01,3.272302082391487943e+01,1.217064937318673046e+00,-3.697210290717091452e-02,-1.333755272990889251e+00,2.094998389537890748e+00,-1.529456150943866666e+00,4.911287120030848885e-01,1.171096619149702311e+00,-2.747940488122005753e+00,-3.498275565988790969e+00,6.784209590554915792e+00,2.213815033479653138e+00,6.518680367800571140e-01,-4.842938911604988683e-01,4.208739766880665312e-01,4.931217051785624639e-02,-1.509100733426466112e-01,-2.892387927005579673e-01
-8.107192185187598321e-01,-9.642634745292099074e-01,3.667446652005577068e-01,4.681322323824581577e-01,-7.756289467458317155e-01,-8.782370999043490611e-01,1.758863011595737103e+00,2.184537235189741855e-01,-9.662434296434758707e-01,-4.501907537644084245e-01,6.152023146113373420e-01,-3.112374194668439120e+00,6.691939561092802080e+00,2.259086615562171385e+00,-4.205758066479693968e-01,-4.306891434922455186e-01,-1.445221345655526290e-01,1.472774518013135303e+00,-1.385342884238340622e+00,-1.334805662246441038e+00,2.112188185296324683e+00,-3.504281003254547500e+00,7.819192128746561110e+00,5.419588266470679594e-01,1.084112256073463953e+00,-1.355217098955243227e+00,2.918653973545927149e-01,-8.095296192650929257e+00,5.944053209203010724e-01,-4.106540308032535225e-01
2.602725687637698626e-01,3.535801551709869539e-01,-1.211500947637517145e+00,-1.584282774101091640e+00,-2.330294839210494295e+00,-2.530507781235062037e+00,4.941682518862386964e-01,2.900324089275047035e-01,-1.132132901812942016e+00,-2.756280299669732869e+00,-2.179040250012491242e+00,2.329659753154054869e+01,2.051433338794064642e+00,2.315499834291185610e-01,9.412236015284221047e-01,-3.567239665070263688e-01,1.706991001527985163e-01,8.771774226485452575e-01,-1.960396900813226595e-01,4.570638308843780195e-01,2.559879047006024422e+00,-3.600985403936929785e+00,4.359644247290803687e-01,-2.324822951516196390e-01,-6.245400641644324180e-01,-1.616874065397662541e+00,1.332540800663160052e-01,-2.755163728707150650e+00,7.774747885892732135e-01,4.723332729385994466e-01
-5.349829007251568624e-01,-6.815818955812105173e-01,-2.126551880372852033e+00,-6.637743557649593562e-01,-8.395174678190042705e-01,-2.498065795400309597e+00,1.148561265628742500e+00,2.416349315255005070e+00,8.959595697717004370e-02,2.950136695083354077e+00,1.222262346385414311e+00,2.384516882487945466e+01,-6.818492655995730400e-01,2.683058008636377001e-01,6.795686863455236981e-01,1.533701130669488100e+00,-1.414745393892155700e+00,-1.935639976569989151e-01,-8.553722949227098304e-01,3.408656452282981530e-01,-1.034471992248628291e+00,-2.797727685833226730e+00,9.746846628007271862e-01,1.481994406304639300e+00,-2.586480488873721395e+00,-2.244849173488731253e+00,1.278051304220785944e+00,-3.963698073043649739e+00,-3.093502255747944574e+00,5.963180804449490502e-01
9.467929098109314490e-01,-3.515204709641696068e-01,5.890216531113665055e-02,-1.771506725903121193e+00,-6.690247172972522138e-01,2.462180799479364968e+00,4.963352597817601852e-01,1.694227629494500675e+00,1.382250625392218879e+00,2.157956593400030432e+00,-2.834434221578873814e+00,1.463692114908744557e+01,5.567595792438547520e+00,1.843425886948943715e+00,4.492516012149203597e-01,1.223998294811395438e+00,-7.638869022212563253e-01,8.580432633235713924e-01,-1.894297093780010321e+00,-1.937854830965092701e+00,1.306993699702716061e+00,2.369513365919083014e+00,2.275576013320752544e+00,-4.959282292087379695e-01,1.935868595970155204e-01,-1.559590450559939168e+00,-1.904327752224447279e+00,-1.679141477868406618e+00,-3.381647351590884920e+00,-2.621633315912748508e+00
-3.512272776713099010e-01,-3.427148223392514903e-01,-1.802365234594556775e-01,1.419303002085631760e-01,-5.346493402914621607e-01,-2.715320250981806183e+00,1.286511420258200422e+00,-1.558108995140251363e+00,2.714064590239435137e+00,2.741978000262357273e+00,-1.595065850249699213e-01,1.938234261590313423e+01,-7.287994869195055792e-01,-6.977745630156905188e-01,6.472959477442756793e-01,1.259497087542488014e+00,3.437905802103828345e-01,1.782904290725297602e-01,1.208785024811527727e-02,-2.100974583473790958e+00,2.824455263631886037e+00,-3.895492239729711592e+00,-1.798570884760258171e+00,-4.584707369312606140e-01,9.407901121522646015e-01,-8.716255376126989807e-02,2.615644465159196130e+00,-3.322674435020043671e+00,1.035398883334371911e+00,1.280480471187905867e+00
-3.653884711704436850e+00,-1.924264759245362555e+00,5.566251255283833910e-01,-2.207138069302318206e-02,-2.915192976092580990e-01,2.323433393455600182e+00,-1.781246598367504652e-01,-4.177904605253769943e-01,8.697945586669973750e+00,-7.124403831306811430e-01,-6.108514433565348511e-02,-2.465036425085605387e+00,3.681959212114316671e+01,1.463473569831442722e+00,-3.888095439719776003e+00,-2.558575145032957021e+00,-4.568119225430243846e-01,-2.291662448145459052e+00,-6.174143246123386941e-01,-1.893245627083606442e+00,4.514374699062112306e+00,3.680005273783172104e+00,1.696074448173332883e+01,-2.116190779061873695e+00,1.414311926147142628e+00,2.128219049966206367e+00,1.763826729636854607e+00,-1.672393512092938961e+00,-6.442663868203123423e-01,-1.209870611766597159e+00
2.084218136806815502e-01,6.055379716224372766e-01,-3.488266219166359372e-01,-1.128789906323929060e+00,-8.707133312872290531e-01,-9.810638825251074557e-01,-7.176433588170526567e-01,7.124406256102259194e-01,-4.278925996340698923e-01,-1.063820831545461365e+00,-1.027647568615904339e+00,3.262066598411552221e+00,1.177770195570960077e+00,-2.468232714432115671e+00,5.113887801827388113e-01,-2.149329493894637455e+00,-7.478540805180289297e-01,1.580906229185069511e+00,2.089996483536932459e+00,-1.656420772848608003e-01,1.756386936690969014e+00,-5.169888569298874970e-01,5.369893258643417155e+00,2.972063803329460518e-01,-1.619105017362301169e+00,-1.748232918685470150e+00,2.034064834620038509e-01,-2.307092467889333420e+00,-2.839263872956968360e+00,-1.169364364016774571e+00
3.316492730923693566e-01,-1.570873406827181018e+00,3.304882121881029255e-01,-2.038788419792858075e+00,7.334025245386168734e-01,8.666522606614703861e-01,-3.409287718180308957e+00,6.926785905702257384e-01,8.977070180135424238e+00,-5.788060385730570134e-01,-2.782393843923738896e-01,2.331479688777430503e+00,1.702324714792953664e+00,1.923058713199165437e+00,5.902309786763532129e-01,-4.327722637268859203e-03,-5.707335958337547699e-02,-8.029582161409752894e-01,-1.748850740850096175e+00,-1.195318495871076081e+00,1.814572273472493169e+00,-2.242151513506538407e+00,2.746478208856018455e+00,-7.607480242912696422e-01,3.492854767319494291e-01,1.647015248710211210e+00,6.277622626153536167e-01,-3.214390568678193461e+01,3.284203240553745240e-01,-1.269290450237174017e+00
-9.966413513948156888e-01,-1.327767930624174975e+00,2.061085644196885447e+00,3.021194872293655020e+00,-4.656323520521657433e-02,4.835832912402552308e-01,-2.158488521300157892e+00,2.066262308626325983e-01,5.247774859340561093e+00,-1.276385122696034324e+00,-3.943501339040321185e-01,7.685028238626106400e+00,3.395103047219903303e+00,-1.214405472524925145e+00,-1.693530168105598088e+00,-1.518193879073299168e+00,-1.584642818793458918e+00,-2.216131877174948084e+00,-1.671687296352157848e+00,-8.561245331062043995e-01,-2.131424427518096021e+00,-9.990686588093877774e-03,1.322101780593074949e+01,-3.041490269207470121e+00,3.109640954769772314e+00,1.922428080801257710e+00,1.002054852973777999e-01,-1.324521329502237954e+01,-2.669135591817742625e+00,-5.577358168151993478e-01
-2.250667976903061085e+00,2.428924246521111108e-01,5.429355046155187603e-01,-1.820637055538228299e+00,-2.493601642894490711e-01,5.044232537735823252e-01,-3.806801480126579835e-03,-4.622721443457113999e-01,7.300260037101830024e-01,-1.268987675533618464e+00,1.065363287564937700e+00,8.237438988865715572e+00,1.184224755965121645e+01,-1.283354507483125850e+00,-1.343205931863531211e+00,-1.086977214359523103e+00,-8.408726678033738855e-01,3.053457616194398816e-01,-3.933682030225473802e-01,-2.589092076113129082e+00,3.144918250850039954e+00,-2.739224407835492592e+00,6.294169543836011238e-01,2.192602793202501843e+00,5.684087334017393633e-01,-1.038227041445237031e+00,2.886954311581046095e+00,2.450195577052992402e+00,6.902601902110583332e-02,3.484293454243359012e-01
-7.238306995164095481e-01,1.592578940822235278e+00,-3.745221177525086959e-02,1.483006118167107035e+00,-2.044844342314621866e+00,4.368841520152395574e-01,4.643765373602359303e-01,1.521548469896119249e+00,4.466454201900440069e+00,-9.721281074084490159e-01,-8.413318012268690416e-02,1.822492170096140951e+00,1.314223558164046901e+00,-5.842989114331225142e-01,1.209027404163555808e+00,-7.608651467900405807e-01,-4.639096158489833255e-01,3.709686035812427285e-01,-1.273766300242617389e+00,-4.224225687214341884e-01,3.020107408952974026e+00,-1.307573546877075721e+00,2.555069832483878756e+00,1.731712699873033001e+00,-2.173026292012053329e+00,-6.272585944668036539e-01,1.265853099071712062e+00,1.751894973363490760e+00,1.027135486698719680e+00,2.374416886807152238e+00
-2.427301488358241333e+00,-2.259075133096337673e+00,-1.733861248443590686e+00,-3.436465404098374421e+00,2.199739693909931182e-01,8.720196905473496241e-01,-1.817891980528345997e+00,-1.623270025836848651e+00,1.545523996889676610e+01,-1.177788622620215220e+00,-6.966350251384683112e-01,7.221050290848321396e+00,1.606280658989923182e+01,-6.277984425219758080e-01,-1.529339287793711755e-01,8.254579475035818126e-01,8.000006590458685896e-01,-3.737293865240856605e-01,1.343678861110531031e+00,2.077165814299231972e+00,-1.802665163087908695e-01,1.440247318798041354e+00,2.432382673828364261e+00,-2.733409756792582468e-01,5.523248176919449692e-01,1.389625058828703130e+00,-4.242427166940454519e-01,-7.353304858270095501e+00,-1.271403527313760495e+00,-8.415942242781794258e-01
-1.507083777592415963e+00,-1.025074785381311360e+00,-8.346968807386352385e-01,-6.218424850083100752e-01,2.079788351026727600e-02,-3.217948343608708073e-01,-3.199452066159290453e+00,-1.575980851903582947e+00,1.536003653681214498e+00,-2.069819831782930830e+00,1.379351570486163858e+00,1.007255810958027276e+01,5.500128046720003994e+00,-7.521083495707876487e-01,-1.200423483056825891e+00,8.680972017825727693e-01,-1.684466875479252224e+00,-4.710441199711224769e+00,5.847510970880309689e-01,-1.062058077229395714e+00,3.167211245965346200e-01,2.466607803628747320e+00,6.257590067561405078e+01,-2.234532757962111926e+00,8.481702421873478503e-02,7.440707083878652650e-01,1.744981650003162965e+00,-2.802486530917640906e+01,1.833361078627328000e+00,2.428201241389436493e+00
-1.403014643453025512e+00,-2.623935011946235463e+00,-5.583415073626908365e-01,1.965362332998864092e+00,3.936042728181523009e-01,1.259005902012835243e+00,-1.361191119412094919e+00,-4.206911691514037682e-02,2.075964610824739864e+01,2.320984309646430876e+00,-3.223223745921279804e-01,1.491752385270457637e+01,6.756563420251498364e+00,6.013671837029356260e-01,4.380318349919670062e+00,1.555171647821056435e+00,1.862550012785481490e+00,3.200548478158457222e+00,-9.608394701513206515e-02,1.528097275669687560e+00,-1.290181010273445006e+00,-5.029722656473626374e-01,2.916596829481652620e+01,-2.240068807682848107e+00,-1.801173357167292211e-01,1.268070192698157461e+00,3.868431174885952895e-01,-6.562376200028937845e+00,-1.654004446210529000e+00,5.989148143154692239e-01
-2.285232013597631173e+00,-6.091856183872438324e-01,5.573138985190947414e-01,1.744254866017570738e+00,7.057473869820671819e-01,4.435019483183234024e-01,-1.577282999361745208e+00,-1.290231650903725380e-01,-1.669754800113385507e-01,-8.163731690905647875e-01,8.491570449332697113e-01,2.678811858913028310e+00,1.531267166459733886e+01,-8.155607581806482986e-02,-6.178369600408584184e-01,-1.188605242140103213e+00,2.023598524918952979e+00,8.940160641470468184e-01,7.441594250273693145e-01,4.550658787710003539e-01,-1.264048142979470990e+00,1.665955702211240341e-01,1.509344018486970418e+00,-3.775005188536171841e-01,1.198300229122290395e+00,1.261738791509840585e+00,-1.193110187591767568e+00,-8.152233927626156174e+00,-4.850322510423853428e-01,9.892266363982500643e-02
-1.401930001542756044e+00,-1.557451871231662732e+00,1.719685656232530446e+00,1.042435882803406821e+00,4.902043912820771565e-01,-2.799290500118043479e+00,1.720530098530021368e+00,1.751467979133321418e+00,7.810293138464426299e+00,2.558455603575755521e-01,-2.001858741093484273e+00,-1.040711502029265434e+00,4.622323052556118306e+00,-7.474752357200017405e-01,-6.005415215441206600e-01,1.861119377474331982e+00,8.575394363399408970e-01,6.168418358051755979e-01,-2.142177220055176967e-01,-8.775191583234445147e-01,3.487746845739528201e+00,-8.762078990159023473e-01,2.233692905315103339e+00,-1.897950331510114053e+00,1.170179895739243081e+00,-1.315415597521813806e+00,7.796965917166037707e-02,-7.277468264211438331e+00,5.890928586371128040e-01,3.492652746606697556e-01
2.961236684790913731e+00,1.219021275141624505e+00,6.617125668716287157e-01,-1.815655011344408098e+00,-5.752758295788595877e-01,-6.553280393592030295e-01,4.799551103248339556e-01,5.846120873411778662e-01,4.187848621126447846e+00,-4.242047184787399172e-01,-1.501430918700944916e+00,1.685333405718663524e+00,2.688423545630494615e+01,2.448407868965745582e+00,-5.765745003914130029e-01,-1.033063806437583887e+00,1.570768617463142336e+00,2.071475559217975659e-01,-9.299447624396024459e-01,-3.665407063547976851e-01,-5.767173197357385872e-01,3.185011475212042864e+00,3.571981807386939156e+00,3.511206543223824639e+00,1.925613345912651653e+00,4.401802896010180710e+00,-7.632071955704482491e-01,-3.257976218962830295e-01,-3.457163555848125069e-01,1.160117007142153822e+00
-1.573139555455529637e+00,-2.006147451116425895e+00,2.454069804962963341e-01,1.418367654059189409e+00,-9.855615078423431152e-02,4.878544879391040197e-04,-2.864117581670684309e+00,-9.477504971900049258e-01,1.142197221679176344e+01,1.056743457030922206e+00,1.836029085819478768e+00,2.523126781798680440e+00,6.714220661105706256e+00,-7.801287974357622446e-01,-1.201694379891226738e+00,-7.325540486515220717e-01,4.905929413640886666e-02,4.618404610309129743e-01,-5.316662542123049701e-02,4.646063587271034301e-01,1.084653470116600404e+00,1.044701195460709497e+00,1.767245857055173230e+00,1.806696835015706215e+00,-7.480039930827114825e-01,-4.541332987972523383e-01,-2.059848878775269121e+00,-2.390292259861370638e+01,-2.695938956600045788e+00,-1.488082624328282089e+00
2.772144838699459046e-01,4.744495467989736648e-01,1.662721283621397594e+00,-3.737420773007619212e-01,2.264250480364787599e+00,8.719620852936780242e-01,-1.461754213961364290e-01,8.383989168586091223e-01,3.290477926100418227e+00,6.606397728520273516e-01,1.193486819034556667e+00,-8.498013863366438159e-01,-1.806238216777937833e+00,-4.860877884812805583e+00,1.100957100207948930e-01,-1.932694100745155630e-01,1.932510457390195890e+00,1.629273740835488926e+00,-1.255955376904553944e+00,-1.908715807848560875e+00,-1.337492905062310777e+00,-8.444998810415228485e-01,8.600600940518626558e+00,-5.891143958707134587e-01,2.319587470616364833e+00,5.251775252234870406e-01,3.189560616426441175e-01,1.736007969164630738e-01,1.323191241899193793e+00,7.247291717811438216e-01
1.020719743615158936e+00,-7.978947313843478550e-01,-7.863234252084633225e-01,-2.684839598089350243e+00,-1.020498662314884397e+00,-2.956079716322046913e+00,5.601936749420169948e-01,2.493692313232696023e+00,-1.461550773962392302e-01,-3.920858199514279274e+00,2.422105140656188205e+00,5.097715758159504418e+01,-8.524635064245518201e-01,-3.037109404620372377e+00,-1.545974114421784673e+00,-1.120153112919111793e+00,-1.444770751906321316e-01,6.696849102913339236e-01,-1.806632932168939609e+00,3.398407341427689965e-01,2.531572602015347950e+00,-2.233285651204717670e+00,-1.117672558291804563e+00,-2.187322398038451521e-01,1.511614050962663436e+00,1.910727858573457033e-02,-7.240100556829376366e-02,-2.171274610040044184e+00,-1.126442945079340285e+00,-9.182296158669890351e-01
-8.402208332957159520e-01,1.225259691460282019e+00,1.459003540690170464e+00,3.331644916675714718e+00,-1.052675249516950906e+00,-4.037778449746952880e+00,5.620488068933160442e-01,2.118654788542198464e+00,4.875795335047236279e+00,1.048556899334834647e+00,1.520748546566235593e+00,5.495844223574045451e+00,2.844709831842421544e+00,-4.443579182694047669e-02,-1.106019047731420013e+00,2.692577753288628167e-02,-1.830754112939675604e+00,4.114707633853988966e-01,1.881593464789610426e+00,1.168613622729465673e+00,-9.285578609028317665e-01,9.791820702012352662e-01,1.261825191333323937e-01,-1.614204051806553908e+00,1.832156024012841389e+00,1.701165926790986882e+00,9.760477116290381394e-01,-2.689672047198877758e-01,-6.331172663287613911e-02,4.831144371290064243e-01
2.691710723578658038e-01,1.028840759417920081e+00,1.483915748176507066e+00,-3.917997201566013055e-01,1.204209774736598737e+00,1.297695418970373549e+00,-2.032803801430308699e+00,-2.127547510713561962e+00,2.495502661450826665e+00,5.427575677935041198e-02,3.241010049976674745e-01,-2.863407966878315225e+00,-2.389377211588291416e+00,1.908091352512990557e-01,9.693105408209357066e-01,-2.477210496622833658e-01,3.418778882051826812e-02,-7.773162489556398880e-01,1.454389495667006704e+00,3.235288473742200743e+00,4.725729813502702825e+00,1.141377321173399517e+00,-5.839818244451844276e-01,-1.141591674792933109e+00,1.610730784740931343e+00,1.085819105858159883e+00,7.838297752431694354e-03,-1.134795054285607918e+01,-6.474241879670771249e-01,-6.557804348345994683e-01
-3.509718425501904826e-01,-7.659462746054270799e-01,4.267545523845558963e-01,8.821802049637700316e-01,1.545236403693942773e+00,1.776629904617437417e+00,2.043603498055477807e+00,2.674181926825510036e+00,1.062995682516514995e+00,-1.703602899283984229e+00,-8.633780523713544541e-01,7.002621827842846258e+00,8.991205919245803813e-01,-9.312501705543360098e-01,1.926079288985670601e+00,2.367266565577625492e+00,1.457509282057772193e+00,1.859499128767874376e+00,-1.331932243106673575e+00,-1.599123669251443891e+00,5.675297730258277440e-01,3.150147683824089384e+00,1.037239779748813362e+01,-2.574118403420097678e+00,-8.894293489134132980e-01,-1.020329936104056756e+00,1.364109405751238846e+00,-1.084469660952611392e+01,2.031503998493452645e+00,1.658391631272656763e+00
-5.643427543211948505e-01,1.502299183439322228e+00,2.664433162284268741e-01,-2.179498485012054676e-01,-1.852530051516539711e+00,-2.989972419684781002e+00,-8.207842297111134222e-01,-1.182160723654436474e+00,8.498990716394317246e+00,-1.128722860889927793e+00,6.321610340805262629e-01,-2.910537242411390668e-01,3.153535221639611752e+00,4.791222263890778654e-01,-2.811573068616213700e+00,-8.914186799375520831e-01,3.446904298956882662e-01,4.959121175895695455e-01,1.255924154604867449e-01,6.220384291306861879e-01,3.882496632526129865e+00,-1.396409401530441130e+00,1.593857926406063275e+00,-1.417067934987338296e-01,-6.714848143775253853e-01,6.598803473587717683e-01,-3.773959839064530142e-01,-2.167288795245904343e+00,1.186233644259083508e+00,1.993345320181293845e+00
-8.016190619544895091e-01,-1.328771461128296583e+00,-1.182041436195518047e+00,-1.545591756224142577e+00,1.191657549146189821e+00,1.294665851224664710e+00,-2.484844209153551642e+00,-1.264822621839854611e+00,4.297398615878716299e+00,-2.521473125186818875e-01,1.577541153809960406e+00,1.157564463455034609e+00,1.572242751711258268e+00,-7.779165197801208853e-01,-1.683154870994309160e+00,-2.809398571280859791e+00,1.290414402564335372e+00,3.614908008369191461e-01,-2.529237634650355684e-02,2.701841207756314311e+00,3.914305093588820728e-01,1.868837403302427091e+00,-1.191150452043516328e+00,-9.784933110983198290e-01,2.329517079205041696e+00,1.026775443235782515e+00,-1.172925904944528641e+00,-1.886765598188398840e+01,-1.860306094914085717e+00,-1.600311026375353052e+00
-9.791675660660222880e-01,2.273648674293852756e-01,-1.107756716268751551e-01,1.495453894266949968e+00,-4.489700085204714197e-01,8.984444235792883315e-01,7.969766712336795456e-01,6.337548884091198653e-01,-6.911130082659427964e-02,1.275583470970758082e-01,7.722342398929055163e-01,-9.765283435694460668e-01,2.497678288105523503e+00,-2.674173631146288255e+00,8.675924831728302200e-01,1.287300426668151143e+00,-1.956614870259992589e+00,-2.776920165178065503e+00,-3.994888654130013261e-01,-3.773505946984827553e-01,-4.483307173222945696e-01,1.531460024555129751e+00,2.134868637439404893e+01,4.999179616309699647e-01,-2.709360302319112623e+00,-2.548016327746757348e+00,8.705031621832691746e-01,-4.238988910180603309e-01,7.867394094324914322e-01,-2.628186778805653656e+00
1.633904733718380520e+00,1.973093361651466981e+00,2.874636353951840265e-02,2.208774074523381370e-01,-1.182520152690252901e-01,-1.512692241500738499e-01,2.458166008650362055e+00,1.509173061344529776e+00,1.112672485914407616e+01,7.521384189218192073e-01,9.681427101699181526e-01,-1.115513481671875917e-01,7.129589916101622293e+00,1.239623385913640075e+00,-1.467688063846988022e+00,3.340664029840572646e-01,3.490749848504202113e-01,4.900842594972671384e-01,7.403391857896632344e-02,1.834734495762925688e+00,1.126417359503213200e+00,3.021576667596965748e-01,1.037753039435876268e+00,8.329856483138010637e-01,1.021422525152706262e+00,2.497135176429686076e+00,-1.828124222515308261e-01,-1.678198985074081406e+01,7.384718715091531660e-01,1.192411076222169353e+00
-9.868710024228667388e-01,-8.427439474387850016e-01,8.921651227701510312e-01,-1.214257990644823870e+00,-1.613884442667253172e+00,-1.052366598932438668e+00,-1.411831128434222205e+00,8.145443082945893476e-01,1.927571812344184954e+00,-9.943261646762834305e-01,1.791402010909202369e+00,5.662384165885340437e+00,2.389397659654490358e+00,5.731859917311206143e-01,5.454935027411310644e-01,-8.760815517213189629e-01,2.603029848217873976e+00,3.919232003385166863e-01,-2.346714719887093015e+00,-2.059103627067463194e+00,-1.556239222989515225e+00,1.029935374852205099e+00,6.635509422159977522e-01,-1.160377707970704053e+00,5.447493093429304212e-01,-1.431316790097792335e+00,2.737286823134878588e+00,-4.658795399654120928e+00,4.498947999933476938e-01,-4.573311376026077402e-01
-1.208940894164877600e+00,1.498626529056450440e-01,4.700694103413732838e-01,-5.417732010210877247e-01,3.808782962863342947e-01,8.741252309089229608e-03,8.178452400040303605e-01,1.620566607408479687e+00,5.716719841884245756e-01,2.123670928512535916e+00,9.675810033720043668e-01,1.171270657764242351e+01,2.653425550930743171e+00,-2.051972245257058791e+00,5.531728580683924479e-01,9.552658969380971588e-01,9.734664973525256615e-01,-1.846773989148240425e-01,-1.622171539651148908e+00,-1.473981028260832327e+00,2.389624829469512157e+00,-2.071824157677408351e+00,6.541961919081655807e-01,-1.426513206778445397e+00,-2.027379184855120364e+00,-1.368108615111381710e+00,-1.722423697123813269e-01,-2.481879932531865229e+00,2.292184373906008599e+00,3.328157711859671242e+00
-2.460205702526183646e-01,3.513066844797923527e-01,2.019020169445270074e+00,1.077297187646505838e+00,-1.440571187353909766e+00,1.479112393724505703e-01,-1.750212056937998917e-01,8.311961349656935560e-01,8.895067826043590031e-01,1.193471917096758927e+00,9.240126807813157095e-01,3.044115464561541806e+00,2.198786340042964138e+00,-1.095620173607442460e+00,-3.999690692166456008e-01,1.637034564376764978e+00,4.795028307440404980e+00,3.187583493755149711e+00,-2.193965223609001924e+00,-2.837423127099861109e+00,1.128133873952720245e+00,1.286981912807185102e+00,3.105329836791246478e+01,1.056133181546028199e+00,2.765548583595209386e+00,1.058138775705607104e+00,6.232169100028557285e-01,3.925575129887152181e-01,-3.641567304644317549e-01,5.160776712358692286e-01
1.635805653667543880e-01,-1.302109659010071363e+00,-7.378359717167608522e-01,-5.801340786619663126e-01,-1.309759500582605707e-01,9.603520005604401222e-01,-1.484691669903365430e+00,-2.141304314863277103e+00,6.398499218709432945e+00,3.227567465499914245e+00,-2.068759284341940674e+00,2.885612860953855474e+01,-1.826650488433584574e+00,-5.444434363115031594e-01,5.762588158110235614e-01,-1.240361317628176918e+00,2.719173115270289709e-01,2.112892959468230192e+00,1.259700105769675060e+00,3.838848921596366814e+00,2.785019851970210514e+00,-2.982156953937726396e+00,1.531470584313369621e+01,-8.880627444683036886e-02,2.379240732609867681e+00,9.935929288205795906e-01,1.854466211535306996e+00,-4.841433387667043675e+00,-1.177452720209854586e+00,-4.199620606427004188e-01
-1.658991393654497104e+00,-9.066558844973946485e-01,-1.010711754140723173e-01,1.903307620737136441e+00,-1.371923085801852515e+00,-3.862460440848977328e+00,1.865335932828110721e+00,1.094984909529227446e+00,4.001202200512581797e+00,4.264486657645757961e-02,-6.672706324669080979e-01,3.710135197209408764e-01,6.221250118166420151e+00,-9.700084220246932842e-01,-2.887553491652881998e+00,-1.144861670222865335e+00,-1.261958857720313132e+00,-3.856135033038455284e-01,-1.651719393866835972e+00,-4.872421795376091214e-01,-8.046369448454928630e-01,7.759785563053382962e-01,8.154024658144589655e-01,-1.362495268710786078e+00,1.679653665043205457e+00,1.284697596975633127e+00,1.036663552682971279e+00,-9.774596893646679163e+00,-6.853908112002151665e-01,1.682879069880746981e+00
-3.362577178908495945e+00,-9.497282090828643719e-01,3.404244404598249396e+00,1.320235202068686942e+00,2.660917393709273382e-01,1.966842856626929426e-01,1.218208401312380840e+00,8.919479303277260129e-01,2.987961501102677442e+00,1.471083714106675266e+00,1.921783864360016914e+00,7.414812379527147002e+00,3.123221432725640412e+01,-1.114683899098341646e+00,-1.584547038028174093e+00,-4.086960397243520893e-01,5.148140450005590507e-01,1.870403725367752568e+00,8.789949569824285769e-01,9.986207659451863394e-01,2.367150210542054101e+00,-2.610858801744291746e+00,1.245770915831428560e+01,2.796304603481003070e+00,-8.709176367918276818e-02,-2.048795633855915899e+00,-2.236570171939237461e+00,-5.035623734349112368e+00,-1.004856778659939831e+00,-6.877345162661931965e-01
1.847481795634350998e+00,-7.564806830328397735e-01,1.417000051371991365e+00,-4.740958588515784694e-02,-3.999596004765375135e+00,-1.847699931665486073e+00,3.855706453343601958e-01,5.752968009096101065e-01,-2.584625269502860423e-01,4.745273357827431426e-01,-3.025033532280588799e-01,5.716099174871738242e-01,1.018758183832091113e+01,2.912671476324561137e+00,-2.549042899564305742e+00,-1.142896231112938921e+00,-2.216177960419201565e+00,-6.122465829235406581e-02,-7.208800040935806619e-01,1.100614909703384825e+00,1.296580821663667171e+00,1.071470976005425735e+00,-1.005650777270187479e+00,-1.369018968039565909e-01,2.134726145665400421e-01,1.333367619750292221e-01,4.022723864489947676e-01,-3.951245104645986217e-01,-6.911040501980554585e-02,7.190132933506558910e-01
-6.915022726356399342e-03,-3.058643740277691703e-01,9.332764577338914513e-01,1.195735787523822591e+00,-1.873658999507565037e-01,-1.927506580247671519e-01,3.540752795235605488e-01,-4.596741709809687992e-01,7.479640131765477040e-01,9.891617767493695590e-01,2.363401988207834981e-01,1.573304735761738460e+00,-1.488267210278821029e+00,1.159182277131864947e+00,2.474255683113168458e-01,-9.195351419645464430e-01,6.227898964165951012e-01,1.223639335089720559e+00,-9.064933149198767248e-01,-1.381098152336732277e+00,1.965188842374371969e+00,-2.331917577499317495e+00,3.023376698641588867e+00,-1.293903080464287481e+00,-1.182545361380874516e+00,-1.926874386262355188e+00,2.369241202423277015e-01,-3.772922561539330255e-01,-6.853421937197228253e-01,-1.034906083162979273e+00
-1.802621852826211235e+00,-2.329688605609514518e+00,4.305873478879270744e-01,-1.216332741617623059e+00,-2.684553024627475359e+00,-4.144388346561583281e-01,-5.407296685648067536e-01,1.515499188654595653e+00,1.753596132415899689e+01,2.630433300048265810e+00,1.627709799751388409e-01,1.980654545250098053e+01,9.744047944984968623e+00,1.685753952086386009e+00,7.693071251931069554e-01,-7.182121529759373383e-04,-9.553652418692061277e-01,1.024979689593764176e+00,1.362750091460615876e+00,2.415588186769706436e+00,2.951697121236023680e+00,-1.026991648013881431e+00,3.305380347076032788e+00,7.602339305965142291e-01,1.095361458727122761e+00,-4.821999630559784533e-01,-1.393727100254978479e+00,-2.948293072639303070e+00,6.134609512455045932e-01,1.450135542547788203e+00
-2.940909756935368158e+00,-6.905744281177076394e-01,6.375546032693721887e-01,-1.794907675986145146e-01,1.277599185115072311e+00,1.149240464571675169e+00,-1.440801919434970380e+00,-5.328233062056579872e-01,2.538256998557017141e+00,-1.780193051453645148e-01,-1.569158656182062517e-01,-3.973718056091881667e+00,2.306334634664100491e+01,4.966887021578002548e-01,4.137130572055133793e-01,1.787592197532897886e+00,-6.473727122981096649e-01,-9.595072810066418434e-02,-7.225164105562772443e-01,-1.879395929582008851e+00,4.847548656309182746e+00,1.635065048320321901e-01,8.983915039397862845e-01,9.903373844026259754e-01,7.334901599469018096e-01,-7.075186234225613324e-01,-5.018093270519980997e-01,-7.321928656727558327e+00,2.394101146154173687e+00,1.930375797065505272e-01
-4.685233084910662704e-01,7.916840168908902964e-01,-7.692569376482896182e-01,7.501353508162755812e-01,1.489679201763141281e+00,-4.386831023162713894e-01,-1.059736810671406015e+00,3.356702056103190723e-01,-7.502768334963103580e-01,-1.459960343503043489e+00,-5.015363937226782198e-01,4.112685906096438693e+00,9.576351869945294304e-01,9.609858720232291596e-01,-6.560672174498650699e-01,-3.845287575807580516e-01,-4.740817496803883396e-02,2.962704350809601261e-01,3.970334992585871636e-01,-2.805418612325728756e+00,5.812154163562537335e+00,3.597015229446797413e+00,-7.057231515522789378e-01,-8.099862082378606054e-01,-6.263997241887836465e-01,1.196839995339797680e+00,-3.074363414944379258e+00,-5.079936419180715923e+00,2.392886477670158607e-01,1.627898591269995476e+00
1.342322571821571886e+00,1.776056286750432589e+00,-7.254706265086090233e-02,3.755716516576519948e-01,1.617951013319752329e+00,-5.566530098905366764e-01,6.711397898851337862e-01,-1.820703593919776875e+00,7.245132469523290375e+00,1.513908890895862891e+00,1.510609545729697967e+00,4.860633594912702193e+00,2.880371579782312619e+00,-1.900718770409937974e+00,7.503256716348654098e-01,1.706257657800646310e+00,7.626860086879897471e-01,-5.704539489606959002e-01,9.914661701002812633e-01,1.769030514128589360e+00,-5.671586035948639193e-03,-8.926139549828828734e-01,-2.499472585712132489e-01,-5.108178258120354975e-01,-7.946729833728497505e-01,5.687559530759906945e-01,3.959460407588565323e-01,-1.682198311607501884e+00,-7.727790891315620136e-01,5.269510558610938089e-01
-2.221836895455262972e+00,1.237124171740968448e+00,-2.056680052067143105e+00,-2.838423979052433488e+00,1.913826531757192972e+00,2.998003874692655835e+00,8.788811590578284871e-01,-4.159384040249367587e-01,5.361987515074169153e+00,1.503483567710729440e+00,1.862027445042038654e+00,9.348962065177120806e+00,1.337516351657535196e+01,9.108244484491875154e-03,2.695605563461692444e+00,5.320533030496353843e-01,-2.868205665519630784e-02,1.682172615089406520e+00,2.457369167259990217e+00,1.346339717942719005e+00,1.111826370440320400e+00,1.389838715724280860e-01,6.117499405840266746e+00,5.831624130399559736e-01,-1.633969210089005086e+00,-8.095926082347819630e-01,8.873498199547918963e-02,-2.485481628359414330e+00,7.914345416838448610e-01,2.785594836830622700e+00
-9.659634440389383014e-01,8.934536106764007224e-01,1.418579195892213152e+00,5.270739082494683814e+00,-1.559871131207841433e-01,-2.222709070587177482e+00,-2.023650032440169166e+00,-1.622000745384771792e+00,2.919331441589427811e+00,2.053480041203539663e+00,-4.453417253817785193e-01,1.190072020749751758e+01,5.354580318797354188e+00,1.531894537651271870e-01,-2.955780427958524803e-01,-1.240489636223748082e+00,-1.843047233496839521e+00,-3.675294031100536651e-01,1.489631682800744539e+00,-1.056776614384281388e+00,-1.340045359409446579e+00,2.911366155949234313e-01,1.295056482836039580e+00,1.033927424987691746e+00,-4.638561963557283896e-01,-1.786508937407507602e+00,-7.941220760255188749e-01,-1.307452259973938169e+01,-6.055830596250830894e-02,2.986472263153716611e+00
1.587227466573239543e+00,1.069113152097999064e+00,1.637440856462144545e+00,2.751010236042445101e+00,1.244443532310947953e+00,-8.550535332283774048e-01,-1.355240127500489278e+00,-1.300912543545187150e+00,3.402158532574717675e+00,4.932698326890182505e-01,2.635152487755092920e+00,5.864292807513807659e+00,7.470752801604088056e+00,8.416298381082949476e-01,-2.184422274782358731e+00,-7.036512198534082552e-02,-3.189765012644667913e-02,4.342956407608664637e-01,-3.484335681106049520e+00,-3.146478622699029781e+00,4.207298337480968264e+00,-9.504513050667134921e-01,1.160568230014099367e+00,5.165453799501696919e-01,-9.453206130737449309e-01,-1.924616165608655338e+00,-1.490236263841911990e-01,-6.119746976019474261e+00,-2.242696358073845708e+00,4.060518937257216743e-02
-5.681229904909642636e-01,-9.200884161432296704e-01,2.012663256439338966e+00,2.025072054154941625e+00,2.495844684882564390e+00,1.180573543247507962e+00,6.152683368283634602e-01,1.318013707036095328e+00,4.074750478773950135e+00,3.289117493822852456e+00,4.402628682217976652e-01,3.335972000703263518e+01,1.270174125931123887e+00,1.407585093231349838e+00,1.958223129395467721e-01,-1.560683666699105299e+00,1.305029418482555714e+00,-1.368027532154763692e+00,-1.056761704056992768e+00,-1.438925567214780210e-01,1.103911486772886086e+00,1.509368061140225148e+00,4.908056487456333272e+00,-9.234790670604750562e-02,-5.551860096553534740e-01,-9.703599945436995888e-01,5.689926501536795023e-01,4.833343880299938444e-01,-1.235288789054078462e+00,-4.438184189111678890e+00
-2.844443781340489252e+00,-8.261237139379881134e-01,1.155414380759299808e+00,-1.246740780317482505e-01,-2.167764388774911399e+00,-6.783368172677296803e-02,-2.111803721798824363e+00,-4.627588056869644362e+00,2.478001332984407057e+00,-4.176351840133060017e-02,2.980854211270848597e-01,-1.761568526515639554e+00,2.215111558506552214e+01,3.006242219377018229e-02,-1.148319708955496399e-01,-4.463890839466489457e-01,-2.172452153530856633e-01,-4.989603431965394242e-01,-5.885148131637505386e-01,8.035151995638650790e-01,2.741373540991604685e+00,-3.257747743736740809e+00,1.769803495695249085e-01,-4.394227717554194390e-01,-1.292503802267913615e+00,-2.793752391906054178e-01,-4.669191718671825697e-01,-1.117241899730158039e+01,-7.326496944904776765e-01,2.165426263246746696e+00
2.066022783105194716e+00,1.069882074292260565e+00,1.267571010898952966e-01,-8.607791252522235537e-01,-8.680070247746115575e-01,-9.070948666544055294e-01,4.068859962060329405e-01,2.279825755805387488e-01,2.632098004404349378e+00,7.824303691565936969e-01,-5.695452130245739486e-01,2.630701174068001968e+00,1.153347728908411796e+01,-1.895591914668034006e+00,-1.196736520026528278e-01,-9.014520064314221481e-02,1.722925612904193660e+00,3.946859053220134195e-01,-6.385372310986129341e-01,1.474143532190707928e+00,-2.046620512290584060e+00,-1.868823512242876461e+00,2.214880441224160723e+00,8.362731305024817541e-01,5.951619089141187979e-01,2.408746598468996386e-02,-9.451996953150465508e-02,2.791554801083552029e+00,-1.401157898079247399e+00,-8.054612456380546570e-01
1.065302500653477202e-01,7.689957526430499235e-02,1.241516093911041896e+00,-1.065988029621700139e+00,-1.121676516838944426e+00,-6.092855236338721170e-01,2.519291672617320454e+00,2.132111898081411105e+00,2.066227700121748001e-01,-1.016780938439935777e+00,-4.124183646240796031e-01,1.715503778964447834e+00,3.047877272022047057e-01,1.216031047636779716e+00,2.131115783380217454e+00,2.079934489146338272e+00,-2.722524798791169154e+00,-5.724275163560461621e-01,1.669982214824630828e+00,9.063892482980993037e-01,-1.245688541504925917e+00,3.599588184861482798e+00,1.724084024825366379e+00,-7.103755434937896185e-01,4.893814522269716027e-01,-9.100846814953318376e-01,-9.510194397802228528e-01,-1.896484853333156906e+01,-2.532634588001614340e+00,-1.921016083635472160e+00
-1.005586939612499453e-01,7.394765618613428071e-01,-1.140295618702926062e+00,-1.184894058199313704e+00,-1.354276522540988736e+00,5.156965673860253174e-01,6.638802256468302465e-01,3.426678251929091701e+00,-1.610048909519672389e-01,-2.515924394909364370e+00,1.900926147299240032e-01,1.653697452580554028e+01,-1.045000454950668178e+00,-4.339111568828827870e-01,-9.263376928391531262e-01,-9.713404069293352094e-01,-7.148687468458279071e-01,-2.899440854688251634e-01,-3.558872803844661536e+00,-7.910490112143633290e-01,1.751552120277356961e+00,9.993889550279616563e-01,-3.399553970020709470e-01,-6.844451017767132495e-01,-8.138195591469430390e-01,-1.357690301299862901e+00,3.278062783710890660e+00,2.089874893948895362e+00,-6.658301428088931884e-01,1.363596724547507577e+00
7.197120207115897950e-01,-4.109172163947608786e-02,-1.612042274370386330e-01,1.389144949857221256e+00,2.567135210074030116e+00,1.450991664979572215e+00,-3.861526082231233059e-01,-6.359374708372190765e-01,-9.124504279351071112e-01,2.724699360276001681e-01,1.548826542836886144e+00,-1.880884880409322335e+00,2.506551789493469684e+00,3.076673175028002416e-02,-9.725001353434894469e-01,-5.098183332717513006e-01,-1.357053783726704044e+00,-1.861904263335535825e+00,-4.654127346375291352e-01,1.400310984512515899e+00,-1.486035269518165558e+00,-1.819789138818386887e+00,9.587326075084821042e+00,-1.221823665004723392e+00,-1.731891701700994046e+00,-1.491451020601074706e+00,-2.818433576527682671e+00,-2.687426833463989695e+00,1.064943490201717191e+00,1.273194181333970665e+00
6.294041326984451956e-01,-8.652723398943901190e-01,1.249279044389641324e+00,-3.234628260032879621e-01,8.884067517898640576e-01,-1.714181702079417668e+00,-6.966227854521687135e-01,-1.378060711173717090e+00,1.737767986726556524e+00,-1.285945644711408375e+00,3.084324658482956449e-01,2.974461243860884174e-01,2.270923886982991746e+00,2.638270320016086856e+00,1.701504520560927380e+00,2.430351709949178485e+00,-3.245988952266534167e-01,6.043319781728757611e-01,-1.280335649220977201e+00,-1.335185587769683213e+00,4.303842118269830763e+00,-1.742494725013655099e+00,1.322489918229020178e+00,1.182500021177311685e-02,-8.298498670563606572e-01,2.019750262645871874e+00,2.527187111300602584e+00,1.458478025492314201e+00,1.694012504728092505e+00,2.334211822666272806e-01
-1.150284053357284231e+00,4.597778791466061166e-01,-4.536276988020984113e-01,-6.815494009459436286e-01,-7.207194384830242218e-01,-1.193325061260399833e+00,3.384970846271977141e-02,-1.762609214730783136e-01,1.412286003402166923e+00,-4.839859213010967998e-01,-8.556111235295464912e-01,-2.441758695134460311e+00,2.316675987393775671e+00,8.841887107574866178e-01,7.274775151813599461e-01,-1.822105538414507064e+00,-1.666436246249608510e+00,1.597463079444335077e-01,-1.014933918662836776e+00,3.175621342464952229e-02,-3.126775779322857884e-01,1.670520762187219121e+00,-7.472588190971075628e-01,-6.034742365940956033e-01,8.752842471699338045e-01,1.859795314565979130e+00,2.008097025133617763e-03,5.214757014619145897e-02,-3.158934162804124535e-01,1.351522973064068545e+00
2.679009670423832534e-01,-1.016023647567003141e-01,1.086896403075900741e+00,-1.532987207727910084e+00,1.156773566236368733e+00,-1.079216962548656955e-01,-1.848603797935998827e+00,7.810620851497778183e-01,-8.835855986286540453e-01,1.028451428061713857e+00,-2.217594776656993449e+00,1.374624269532669585e+00,2.668734663539778840e+00,1.057448134048324384e+00,-3.272510970109019368e+00,-4.396262172152138881e-01,-9.240285511940632412e-01,-9.898791931500994234e-01,2.135822756977716341e-01,1.065805811522850810e+00,2.188799163704212347e+00,-1.098807516380005289e+00,4.133787763091836709e+00,-3.357630011241716228e-01,-2.531966084702222397e-01,5.451804981084847901e-01,8.741647151393104886e-01,-1.038481497826266242e+01,1.012135794376972792e-01,-8.768459992691126637e-01
1.342479692620737408e+00,7.516436662868825058e-01,-2.637492068059968275e+00,-2.532067122508977253e+00,-6.359406708691958121e-01,1.765692321035618795e+00,-5.688795909087410729e-01,9.575479801245080358e-01,1.730520138449678447e+00,9.682710338096380820e-01,8.961440640692546200e-01,4.190094784503096470e+00,5.944952422238485745e+00,2.111674703171058987e+00,8.994920189173081226e-01,-5.045845723816052564e-01,1.355049936521623533e+00,-5.999883161661063724e-01,4.308717799182796293e-01,-6.659115795614667377e-01,2.003658561291778994e+00,2.285402606006863291e-01,1.685106746057283944e+00,9.864779063854938190e-01,1.054862991838873887e+00,-1.988513073502929940e-01,1.493608335841798640e+00,-5.981108026438741732e-01,2.140024237416270569e+00,1.107472733455569847e+00
6.352810497353730268e-01,-8.220104248603956609e-01,-9.608167367484069521e-01,-1.430312990165182985e+00,-3.061294401928701947e-01,1.167598306382617857e+00,-4.726437384042376233e-01,2.484048988837469496e-01,2.756609710035274663e+00,-6.151777482560135679e-01,3.097291541697376083e+00,2.619580137194494895e+00,-3.837573991917284655e-01,-3.198790754697676819e-01,1.647828221834164164e-01,-1.100546539145341035e-01,9.134837142798516441e-01,8.778561053726782193e-01,2.037272985244616308e+00,2.070420323406443774e+00,2.561117650367163545e+00,-9.134888305064083891e-01,4.192892692770513463e-01,-3.711216630074942291e+00,1.204825247090898777e-01,-2.228943759423384630e-01,5.354687023155243475e-01,1.871584920219676373e+00,5.146939380875302783e-01,-7.764973209467691539e-01
-1.132791125597086390e+00,-1.347351981197228765e+00,-6.569446859544257888e-01,-4.357830484904007817e-01,2.520267952446022974e+00,2.575752143835260188e+00,1.821875509492071776e+00,9.059686699504634344e-01,6.161043724212613704e+00,4.872453831411439062e-01,1.216402192696864004e+00,-8.698834960172697750e-01,2.431934311502416790e+00,-2.394934348031714164e-02,-2.145518322432273528e-01,9.955687985123384820e-01,1.757211428572083678e+00,3.476933018092709826e+00,-2.519651359979310001e+00,6.742732921867016227e-01,9.026730247990758516e-01,2.402988173470038014e+00,3.649461633450778919e+01,1.390691584711333806e-01,-1.670498382458777409e-01,2.015236513465175072e+00,-1.103363033033411877e+00,-9.479502080080747461e+00,-4.712761872333203206e-01,-3.073504498409276864e-01
1.435432490483216972e+00,-2.380550701641429345e+00,-6.033757206516905391e-01,-1.043834948392851958e+00,-1.006338532432135890e+00,-8.254317937943879135e-01,1.086106191876210714e+00,3.034191359617263828e+00,1.665534147451131020e+01,-4.240594806888178803e-02,-1.045638168133428358e+00,-2.039573072345017390e+00,5.175652470048240694e+00,2.730678459862628249e-01,3.847956226458318918e-01,-1.458306985530124222e-01,1.951259257366774469e-01,1.600675405694634401e+00,-2.070100564813663446e+00,-1.377265732514052266e+00,2.080165634872735758e+00,-1.860199283190532293e+00,7.152691641881043338e+00,3.186933120145185594e-01,-9.113978395792756704e-01,-1.918110733747649677e-01,4.725770285034933127e-01,-2.012400367840619264e+00,1.119005423317179559e+00,-4.345179575267397176e-01
2.259225038941232444e-01,2.847790851538942181e-02,-1.337334689153061307e-01,-1.213992278802297431e+00,8.509224187660077154e-01,8.720956413047896705e-01,-1.922134526648413111e+00,-2.894248951069343434e+00,2.075693581573672536e-02,2.059964056182779502e-01,1.815763127216778461e+00,-1.340723064379207186e+00,1.767106012250005964e+00,-2.337054282983387576e+00,-1.431146028070645837e+00,9.555271450502481612e-01,1.392875436140222245e+00,6.123255368919945734e-06,-6.565634787220154811e-01,-3.097845384024445980e+00,1.882904928136855283e+00,1.381748890878905289e+00,-5.529820623283122627e-01,-7.026677923144398000e-03,1.511851049067346686e+00,5.712874980074653664e-01,1.779955456862701846e+00,-8.552893192773955988e+00,2.105009739548334480e+00,1.562042307063809643e+00
-6.226166508196474547e-01,6.965178694415814498e-01,-2.067131306126295698e+00,-1.715908672126447376e+00,-1.549197311566569590e+00,1.139484360327094603e-01,1.814777867113430698e+00,1.231435370100879112e+00,5.312795062671739066e-01,1.048855046611166936e-01,-1.005229364546745607e+00,-1.321084030984280622e+00,-2.449379505828829906e+00,-3.338222530799191734e+00,-3.581815460025458003e-02,-2.053334696073940258e+00,2.364932244674112505e-01,3.855282481718912413e-01,-2.186715816278423485e+00,-4.646737614387080884e-01,2.730193157117697389e-01,3.184440509201798886e+00,-2.780725271903761620e+00,-1.280792674691830557e+00,2.230178170827024076e+00,1.903219442463991218e+00,-6.725341971633008731e-01,-9.607159254667376302e+00,-8.214831105682222079e-01,-1.651412246428754504e-01
-9.289589320732932753e-02,-1.200618374467218447e-01,-1.423394903636304498e+00,7.106663266975820070e-01,2.492632817826433644e+00,1.514988030979294020e+00,1.572029776549441316e+00,1.910801123463158113e+00,5.718193298742011432e-01,-1.221827516662241209e+00,1.356936541720578093e+00,4.797824382685543121e+00,1.171011783426057079e-01,3.953978427778926386e-01,2.191071109320861687e+00,4.112245809183272094e+00,1.549082347490892131e+00,7.013725042021090594e-01,9.518385730123094524e-01,-6.899959940119736457e-01,-9.943921904869560402e-01,9.369460183534055187e-01,-7.412702738662526603e-01,-1.252089934811307481e+00,4.812309816610303992e-01,-9.549861771312910808e-01,-7.969665749955054945e-01,-8.982032231797978383e+00,1.112595248843333939e+00,1.852451002375634204e+00
-1.569345043604759349e+00,-6.793280597642240570e-01,-9.649637791381902030e-01,1.234627526986234791e+00,1.592921927445289584e-02,2.848563117803907807e-01,1.687197117022896764e+00,-8.863311445432960900e-01,1.910588391297844080e+00,1.351706937318834401e+00,-1.183024813368718453e+00,4.588379414356489328e+00,9.944022358417925034e+00,2.111118307371632863e+00,5.934825624210040562e-01,3.102228710809399326e-01,-1.253056814998816604e+00,1.441886138341028856e+00,-3.225466614011860966e-01,-1.447558332020063288e-01,-1.214073274735960606e+00,-8.030579180700623265e-01,7.491936048676069326e+00,2.048072136068104787e-01,2.268868350090276653e+00,-5.857228058264798420e-01,8.516451284700596869e-01,-1.083152114579232972e+01,8.007537888543707350e-02,-1.610820832701832739e+00
-1.413014272793093440e+00,-1.082570887721242325e+00,-2.603754007804834902e+00,-1.544302795369627779e+00,1.595219727351389949e+00,6.268411877702387835e-01,5.589041117555385574e-01,9.453537570167650506e-01,1.267422239660078276e+00,-1.933800574349433976e+00,6.666270844977675858e-02,1.302174848545965169e+01,4.102312803311100708e+00,-1.418314642302324513e+00,-4.048247235892457496e+00,-3.893235602745121593e+00,2.037015825400531721e+00,2.560730677070203409e+00,-1.503280243077072198e+00,-1.849188291477887436e+00,-1.810790451490036812e+00,-1.281974127807920638e+00,1.630979993805857831e+01,-3.954948270248738740e-01,1.987292212499740529e-01,-1.876770924224135384e-01,1.244638903782458117e+00,-1.327303194096593142e+00,-7.994606290502486168e-01,-6.990191291219873815e-01
3.336189283237663172e+00,1.016645853840505209e+00,-9.958760734056781860e-01,5.221845818906513115e-01,1.952057490255965311e+00,1.235064942170899460e+00,-2.256071665571051099e+00,-1.254773953300390987e+00,1.917358552172293784e+00,-9.466866430224898377e-01,-6.199705208320785976e-01,-7.116393292806779680e-01,3.073211309375841438e+01,-4.238133051257999551e-01,1.207542863734934607e-01,1.612601155153462029e+00,7.328316772599072770e-01,1.829824372153821821e-01,1.026224050031510959e+00,-3.515994443297246197e-01,-1.731818074091776349e+00,-3.899665771540197667e+00,-7.791676861641458895e-01,-2.609337858293999002e+00,2.579883023771780248e+00,-4.875321984771325279e-01,1.810808425036903868e-01,-1.291873869477502623e+01,-6.202546037675438217e-01,1.031468397337550469e+00
-2.303552246930230307e+00,-1.137676295288799988e+00,-2.506843582583181407e-01,2.324176554699067532e-01,1.547516566861116605e+00,1.433833397089143924e+00,-3.356419546106106933e-01,2.563255109315180080e-01,5.807442659108520644e+00,3.257510866446261755e+00,-9.430263287655603621e-01,2.780864870483318185e+01,1.329983606827198983e+01,1.021740149826845023e+00,-2.268666919256991044e+00,8.892862688275430250e-01,2.080646944382424923e+00,1.840706969558182804e+00,-2.023270782687574265e-01,-5.689698825965617823e-01,-4.781024360769609016e-01,2.018106470497291305e+00,1.026477979340890379e+01,2.942151590505777570e+00,-1.418707870541333849e+00,-8.512879215361971452e-01,-1.144915423304341040e+00,-1.302937640672104047e+00,2.203750683117612574e+00,-7.830927843641872776e-01
2.553328669847861221e+00,6.672656456353562859e-01,-8.068919907681797454e-01,-1.167836515968276201e+00,-1.136132140655435885e+00,5.145761174603621924e-02,4.181835318988665340e-01,3.371556518868975560e-01,2.439608225348682602e+00,1.566314722982138363e+00,-9.077977902543841182e-01,5.164932324116102258e+00,1.758553959848377346e+01,1.709718912504379351e-01,4.939811802629785475e-01,2.453967800461576587e+00,-5.493562272532931390e-01,-7.000830690305998028e-01,-2.189115818080996090e-01,1.254811515883509587e+00,3.026454342980692491e+00,-1.756254133420674934e+00,2.080375743358250151e+00,5.496916685610920839e-01,-8.453407691364228649e-01,-5.826974822539359167e-01,1.556724519341526669e+00,-9.666458107644610998e-01,-2.833048778560878223e+00,-1.716447313450216505e+00
-1.737132786438499776e+00,-3.664135699444136945e-02,-2.478654582197934719e-01,-1.846787046582606617e+00,3.587960836576654100e-01,-1.973754076696057347e-01,1.132487031260657195e+00,-1.377497482904621373e+00,-4.248906186095374737e-01,1.123095475839069324e-01,-2.587445577192825752e+00,1.289257292520892051e+00,6.926842108315036661e+00,-8.987218405942000443e-02,-1.407149447840503775e+00,6.570756747668107245e-01,9.802821015149612016e-01,-3.401773455438372173e-01,7.005001883598617196e-01,-7.811026792122268692e-01,1.010761182284661164e+00,-4.810318051138984252e-02,2.678159695952323727e+00,3.493129764395870751e+00,1.326578338022634362e+00,2.948499787044914111e+00,4.996076009063284418e-01,-4.096542693481071140e+00,-1.674943284464758042e+00,-1.193928881845961243e+00
-1.767050512974144283e+00,-1.332370261583793125e+00,1.952650310187501015e+00,1.635170741880707324e+00,-1.635538194764885933e+00,-9.506537180493024319e-01,-1.239454429578712158e-01,-2.822158267223038863e-01,4.984276120547926681e+00,-1.461187131176701959e+00,-6.080251602784098042e-01,5.147894458099147030e+00,8.270670022464461368e+00,4.778451238428023384e-02,-2.817117145486663699e+00,-1.349713105451149753e+00,-2.511361777503119175e+00,-1.326016813149676787e+00,1.016674774334042519e+00,1.800808258097305714e+00,-2.218369588744507848e+00,4.311604171401717256e-01,4.007114060374477482e+00,-5.957443605072529902e-01,-1.945372704272106956e+00,-1.035826727228069677e+00,1.850007820059528685e+00,1.332953139822542488e+00,7.458744353206624433e-01,1.608927487183195781e+00
1.785076815381356541e+00,3.098666208753545259e+00,-4.633245092630367545e-01,5.606700102658866702e-02,2.629702975508620977e-01,-8.853346622415068090e-01,-1.185781407722017011e+00,-8.811394668491142612e-01,2.707315474231988262e+01,-3.785999168014487215e-01,-1.678534695763125528e+00,-2.497385903547553188e+00,1.021236829321261119e+01,-2.302993882225972972e-03,2.470959761758940998e-01,1.868546717803042601e+00,-5.742575273746909348e-01,-1.459012554172833542e-01,1.109145919800611502e+00,6.416537150630927666e-01,2.527177472744392972e-01,1.832574082015250738e+00,1.394514329431212563e+00,2.102190300372294374e+00,5.913394126064496215e-01,1.279447295369837478e+00,8.861913019265785785e-01,-5.113686255249794144e+00,-1.592772883645167337e+00,-6.263576824797332243e-01
1.735633993082522641e+00,7.871135676144624949e-02,-2.219433563565001322e+00,-1.824587376082798418e+00,-1.128006549222506649e+00,-1.492580201659078343e+00,2.140309469697222688e+00,5.558033390873700075e-01,-1.726220052131392402e+00,-8.918587503739350275e-01,1.712330262798951397e+00,4.206406366007594322e+00,6.648153594097918173e+00,7.152088961149082325e-01,-1.554011782532023656e+00,2.607892154644971816e-01,6.179201441879537127e-01,-1.444004973846173767e+00,-3.020633303095371147e+00,-2.848507610202887896e+00,3.649235735062903885e+00,-9.888015037643931304e-01,4.078743300777272651e+00,-1.952115328036573727e+00,-7.871667341986283706e-01,-2.095545054967025769e-02,5.734226766707025691e-01,-1.303073889197668755e+01,-3.372524190425619794e-01,-2.321971687393943995e+00
-2.775250242065664175e+00,-3.024270189535293252e+00,2.841128552593962020e+00,3.206840874380968653e+00,1.772472092419261624e-01,-1.730489428253135509e-01,-1.053020951341090194e+00,-8.825677902468176406e-01,2.735813766287443372e+01,1.244451179004766761e+00,-2.936254420583536140e-01,2.962660484454578302e+00,2.148369717469370954e+01,-1.225767257729286408e+00,-7.503861080421085905e-01,1.883346883811864159e-01,1.226419882598912103e+00,-1.470118080785305814e+00,-2.199418748065337770e+00,-9.661315117657558460e-01,3.657457209790636599e-01,1.296792035991944037e+00,4.104913462291137627e+00,-1.263618462146809618e+00,3.930079590484814034e-01,-2.678665405188523918e-01,-1.255179971101730851e-01,-4.196935466347768262e+00,-1.408105280519390989e+00,-1.622036752925580139e+00
2.370728360330736528e+00,1.256890172323547050e+00,1.982299489348880783e+00,9.615345629848867093e-01,1.829150924041643769e-02,-4.768847543282165868e-01,1.237432816471554453e+00,3.973585832027725639e-01,2.252480189641829167e+00,-1.836305295944655747e+00,7.835443204309580079e-01,7.932673662410242521e+00,1.651967674280398768e+01,-6.965143649971717865e-01,4.197277278498062758e-02,1.162081681161005520e+00,7.078083947998516923e-01,1.445300025688353251e+00,2.183203397358052467e+00,-1.427568783917260387e+00,4.061868983187194360e+00,-1.567410447906221194e-01,6.106144094632213637e+00,-5.474055260777163090e-01,9.599203300924866733e-01,3.451482075355318813e-01,-8.633121864923967159e-01,-3.438914191473680493e+00,3.065243405736570725e+00,1.670648294696739811e+00
1.278910637979106535e-01,1.438659603637661710e-01,-2.232346806820574958e+00,-7.118489518196419175e-01,-1.331058156053819497e+00,-1.866237197391893199e+00,6.784199462283976301e-01,-1.106947081760943502e-01,-2.312209269545111301e-01,8.183234533110389508e-01,-2.653875981587022759e-01,-7.900674038068070115e-02,-8.974183029854628790e-01,-1.447055194732987715e+00,9.380615853981746355e-01,1.125380226508261972e+00,-1.130012712454916191e+00,-1.904610905020765577e+00,-4.381828656336721195e-02,-1.265585770659823250e+00,3.022242337092453379e+00,-1.692117582314830670e+00,1.122037821981360217e+01,9.223851022039943892e-01,1.801441255488169357e+00,5.533660386211434190e-01,-7.752107533907612869e-01,-2.701924536477074312e+00,-1.498763407481516374e+00,-4.919237643592206055e+00
-5.937302605526419974e-01,-1.265703692921055445e+00,1.655523765508385425e+00,1.464709671483036768e+00,1.121294794239736659e+00,4.887350914129373058e-01,3.064026286168022861e-01,1.310249635989842565e+00,2.873571220398734916e+00,-1.693649191282022293e-01,-5.245657942743110480e-01,-1.075276612227444639e+00,-1.202922636830780379e+00,1.658821818513445345e+00,-2.579537548043536743e-01,2.246644605625639279e+00,-4.100881170091620120e+00,1.071482153126708470e+00,-1.376105219450976636e+00,-8.527330520869793595e-01,1.102617080687160467e+00,2.422215980412380620e+00,1.816143209480834075e+00,-1.733943856632196578e-01,-7.499388115680405420e-01,-2.328623353484677416e+00,1.210101451965700514e-01,-9.436875141264911004e-01,-1.628874609761138403e-01,-2.541627693171479296e-01
-1.551142512785150585e+00,-1.136243553615079449e+00,-1.223854074569089345e+00,-3.253753386475755072e-01,-1.526007546846887442e+00,-5.610565901040572845e-01,1.758288075737008960e+00,1.852304045800386545e+00,7.047139225568365362e+00,7.992638493829521407e-01,-9.180261320671398995e-01,6.290368772567977995e-01,7.418385208153039478e+00,9.763514347788473380e-01,2.667095945847046679e-01,1.016556559020971168e-01,-1.047981208528539661e-02,-2.658375233956973727e+00,-1.836696910569229901e-01,-4.713852129510264777e-01,3.614111314568051903e+00,-1.843960466544274146e+00,2.131296471171532048e+01,-1.366251094162241442e+00,-1.930004318356672632e+00,-2.664180481621396090e+00,-6.045933144514941127e-01,-8.312060651314610027e+00,5.752198430466864271e-02,4.754916991386904934e-01
8.766474789716353910e-02,-6.491868358151233753e-01,2.133317779588777441e+00,4.906819022463482227e-01,9.154947677508628034e-01,9.343494614233889273e-01,6.331443521567424737e-01,3.950293286328077080e-01,1.724554126757542605e+00,-1.627924823854731695e-01,-1.804083316669169434e+00,-3.642030814287123608e+00,-8.238433300291830852e-01,-9.247787025123168636e-01,4.068766881470410879e-01,-7.078539763116717953e-01,7.592366282743268080e-02,-1.016672000533052511e+00,-1.138508327740258119e+00,2.202538813041405863e-01,4.083603687937959137e+00,-1.265850212947236653e+00,2.581600510425648309e+00,-2.533166401008973612e+00,4.466754344411660305e-01,-2.386087937950139848e-01,-1.035273042400314952e-01,-1.014233656372490078e+00,1.776150027148956978e+00,8.953497537166976716e-01
-3.070721914976260458e-01,9.130366492719120819e-01,4.472041921669124287e-01,-1.384539023062047791e+00,-2.366490607495697507e+00,-2.175219796739236600e+00,-3.328409509151872836e+00,-1.832902395220030511e+00,4.597887541184171312e+00,4.899560111901734016e-01,4.900058236684030066e-01,-6.065434311551585189e-01,6.017277281261302901e-01,7.624101647740259002e-01,-1.224954833029921614e-01,-1.397792381680758478e+00,1.325920399749170586e-01,2.457635348166384848e+00,-5.315878184382979432e-01,3.063536289953107741e-02,9.215731791344166091e-01,-3.520249870462073272e-01,1.931506091211785758e+01,-1.301727751804913957e+00,1.796454653193371165e+00,3.752952852254420879e-02,3.285674258528097358e-01,-3.151427799118199857e+01,-7.032244054057815719e-01,-6.591100635833858634e-01
-2.283939926569648060e-01,9.158153452957090712e-01,1.441280509015795186e+00,5.527031246930548258e-01,2.177830306525414539e+00,2.852373801281825827e+00,1.845611502333394549e+00,3.292083386282528834e-01,2.403978695176257396e+00,-7.831980385480448170e-01,9.379508656613813056e-01,2.284228273812781929e+00,1.074671992059751835e+00,-1.107048678548394616e-01,-2.916083568841100426e+00,-2.338672716751982517e+00,-1.474724432543503383e+00,-1.310645712052205036e+00,-1.992276531564144859e+00,-2.510712831564531733e+00,-4.290257732786537659e-01,1.927094513011147647e+00,7.219040962733613398e+00,3.590691453661915555e-01,-6.649012842766504061e-01,-4.971431516514467353e-01,-7.922445045833144128e-01,-6.486355572205487974e+00,3.697228765942595641e-01,1.490042557356272113e+00
-2.822986919335580769e+00,1.213906098622869134e+00,-2.215490230037198138e+00,-8.380273742067001486e-01,7.087007261658313517e-01,-7.418575710775114906e-01,9.003862531479445153e-01,7.971635142223707504e-01,3.202272214907769587e+00,-1.338043967043018867e+00,5.040537017127365571e-01,4.895975136374575598e+00,2.109678460693408653e+01,-8.302573111130672201e-01,9.557205643438383413e-01,-4.144196550937285228e-01,-1.085597946692407056e+00,-1.275153071647766589e+00,-1.814490500594121980e-01,-1.516965716974814568e-02,4.184940254304478913e-01,2.434102242837589358e+00,6.490104934720442031e+00,2.087491818344146655e+00,-1.410313537996355615e+00,-1.762470433623726684e+00,-8.745121722525954766e-01,-2.686693792606644315e+00,-1.264085747533413961e+00,-2.465220540419709394e+00
9.358591389058793508e-01,1.830396517730697781e+00,-2.360473961384458530e+00,-1.115595958598990523e+00,-2.746262773967463877e-01,-3.595912501486693835e-01,1.049239126230309571e+00,2.007857987870078631e-01,1.033236081288757902e+01,4.785886566367164585e-01,-3.835070719821630281e+00,-3.775413537543960807e+00,-2.337171843132508364e-01,-4.515869413068702709e-01,7.219925416811548979e-01,1.576221823137718525e+00,-2.328299763366686870e-01,3.570304103889875291e-01,-3.121354179079405822e-01,-2.024381838474691442e+00,2.495669961139189486e+00,-3.227092607750914777e+00,1.116086457568001844e+00,-1.486489295225729146e+00,-5.856659408156982688e-02,-7.313639751202471138e-03,-6.433670615289535655e-02,-2.511868346268456342e+00,-1.366990199541341822e+00,-3.014014908975405582e+00
1.136682256656974088e+00,2.401226698857889197e+00,4.019435441429192735e-01,8.924789392829188817e-01,2.125920858332935648e+00,1.908140367622569222e+00,1.327578311726709925e+00,-2.280708624897259673e-01,1.586930584499109642e+01,8.959941717211621359e-01,1.413101415471495148e+00,2.937737741930444013e+00,3.250400839877131798e+00,2.394852598746531669e+00,-1.370137250281486585e+00,-8.670605854317310346e-01,-2.010054696572599331e-01,1.780750083362380165e-01,-3.776936552837664163e-01,-2.744861732478862670e+00,6.154058644963100733e+00,4.987964828023795150e+00,2.550232995019240168e+00,1.159169515273208217e+00,-7.711809428266347410e-01,-7.664718242180634800e-02,2.737160223423317440e+00,-3.825345562189276016e+00,-2.407028603851407489e+00,-7.861835801240079080e-01
-1.161034285274259004e+00,-1.911874968982621326e+00,4.696258945424925946e-01,3.807964985924148782e-01,1.642187718714565037e+00,1.630073799902668208e+00,-5.811283691418603903e-01,-7.751893147368169590e-01,1.030059745510667923e+01,9.312810903795578632e-01,-4.685465983799457683e-04,-3.079151191689634137e-01,3.697296946095638415e+00,1.113468834519112827e+00,-4.902237967431938293e-02,1.174905825417342786e-01,-5.050210844287450485e-01,-4.132171998635534860e-01,-1.398385719472194477e+00,-8.396721909857454147e-01,7.301157500397699174e-01,1.123773654364705221e+00,-6.207873932366025915e-01,-5.279401806226432514e-01,1.526748854690035850e+00,1.044890599410100318e+00,-8.133213953002983443e-01,-3.342180454021671299e+00,1.331804713710096788e+00,2.126887864189552779e+00
3.159900933626996200e-01,6.648350279089367820e-01,-1.426534156496949146e+00,-1.219303946900768931e+00,-1.701604681015818077e+00,-4.722558083459929557e-01,1.031203120204622903e-01,1.069075423079165921e+00,-2.378298994858032422e-01,-1.360947193773168196e-01,1.196919780987138582e+00,7.816288602388734574e-01,-1.404869773285603252e+00,-1.078482636680931694e+00,-4.534841384760199268e-01,-1.692218310295944494e+00,-7.978538154682816019e-01,1.613487321932634000e+00,8.737681863628031786e-01,3.149468839698756906e-01,-2.227125088421084698e-01,1.366179655987906694e+00,9.548038919430188898e+00,5.938441265152101245e-01,1.946369433736431453e+00,1.637492789564251927e+00,-6.496391145304928338e-01,1.830652325899573052e+00,1.554150778949344724e+00,-5.527917865759044425e-01
-6.784049115456619594e-01,-7.738825363399707280e-01,3.436847778353535610e-01,-2.025933250177824885e+00,-1.979197546204181091e-01,-5.084688680449065412e-01,-8.839242078378407586e-01,-5.770899104750726316e-01,2.111255317800859288e+00,1.157245019013732446e+00,1.156486223083879494e+00,4.823256253219584622e+00,1.979591703386835988e+00,1.840946091140080565e+00,-8.005604919575377565e-01,-2.136427199802438004e+00,-1.858027110602330056e+00,-9.397047810333462037e-01,1.711367753652302426e+00,2.263252686650914836e+00,-1.739251502839615604e+00,-6.265828612779726914e-01,3.691287215187941229e+00,1.455389817593871538e+00,6.125095199944424404e-03,-1.233600885634401623e+00,3.688894827002210941e-01,-1.124010071605647143e+00,-4.603473750206737991e-01,2.378765628232350160e+00
9.271319474370307567e-01,-1.851642675343829980e+00,3.004839120144848774e-01,-1.620580613776473333e-01,3.811487131404160955e-01,9.585824414207528843e-01,2.086665719585019119e+00,8.548187905781222673e-01,1.201577357671212631e+01,1.317306664773692182e+00,2.514126696935813365e-01,1.866391665828223800e+00,3.647771468983559195e+00,5.431884561346589368e-01,2.256036405522846344e+00,-6.987240845568095660e-01,1.456246161297081398e+00,2.051191881081654955e+00,-2.787872505509110699e+00,-3.627955836587779093e+00,-7.835867636456208540e-01,1.239966850516557084e+00,1.398465940370340910e+01,1.529075121218610223e+00,2.433064713101857013e+00,6.464609908945256889e-01,2.669770872675536921e+00,-1.179621615109728339e+01,7.203537179671807289e-01,9.788023549870036311e-01
1.212678809009443137e+00,-7.486721017111047649e-01,5.115352272704217773e-01,2.829775193529703969e+00,-1.005085803980737769e+00,-3.077606384405469631e-01,-2.538807087431845244e-01,-4.908958011027343971e-01,9.130593235336023072e-01,-1.351584896649648648e+00,2.003636273409711066e+00,6.951792318142627103e+00,4.242432521382055732e+00,-2.537954795516424444e-01,7.500143753481708364e-01,5.477435640575418763e-01,-3.356398514621055651e-01,-4.813766405600065079e-01,2.333908606437297806e+00,-9.736482603738711994e-01,3.463695529653461058e+00,-2.770946681851046201e+00,2.831523572512966158e-01,-1.605055681173693349e+00,1.590295305191228858e-01,-5.146322062027561817e-01,-5.322653603744337270e-01,5.212742896891665589e-01,8.610598433658890327e-01,1.095464229413892099e+00
-1.461360081072771600e+00,-2.276153433913428656e-02,7.397565665197228801e-01,2.713713427988680427e-01,-1.493980125900467471e+00,1.283581478691590450e+00,8.966078357463111992e-01,-6.682543924631192400e-01,-2.293874680707123748e+00,-3.211389183710184891e-01,-1.747190129631953359e-01,-4.045058467092461640e+00,5.867161165321023830e+00,-2.110360133525877036e+00,7.070653889072248122e-01,2.451984343103688069e+00,-8.238760868041892227e-01,1.873361489906775423e+00,-2.438556643307389749e+00,-1.383527539632823933e+00,1.531143041345115918e+00,-7.062656096404400508e-01,1.168988513915646088e+01,-4.541613077684408806e-01,1.357892039923755068e+00,-8.508971689173706610e-01,7.630473764415939275e-01,-3.475055038376915206e+00,1.244027389320346177e+00,-9.949894867091784167e-01
-9.731049025283535769e-01,-1.519739096692210023e-01,-4.447597300120968988e-01,3.862341506828806392e-01,-2.285565834012567077e+00,-2.287209895454548059e-01,-4.244886577701598163e-01,-5.983393244221060225e-01,-2.566860200998215547e+00,-1.794965346518920590e+00,-1.256124729684654051e+00,7.064591125191273413e+00,3.793443556615359480e+00,-1.651093416102020983e+00,9.231718080455761921e-01,7.812568351607175610e-02,1.297090312590415684e-01,-1.222923864461743948e+00,-3.967718334583395512e-01,-4.678453248767334705e-01,4.528920747495544852e+00,-4.695949459211916643e-01,5.612853627733484174e+00,1.740746138829122103e+00,1.548094179622374167e+00,2.028651671260845557e+00,2.894556681416625143e-01,-1.331804232907397800e+00,-1.332566997437405476e-01,1.302785156991667304e+00
1.500671063831100216e-01,2.709811596719061688e-01,-8.388627230754208686e-02,2.080192573562244240e-01,-1.354927544061639288e-01,-6.685696180405879818e-02,1.322705767766052531e-01,2.210596291623014575e-01,1.022207828201066260e+00,1.329441287041036146e+00,7.116736192722231680e-01,1.510609921579609605e+00,-2.309549002078058244e+00,-1.855108355008408649e+00,-9.932031793771198824e-01,-1.521345841890396677e+00,-4.213588062281346525e-01,2.680715227626463415e-01,-1.243495581376963255e+00,6.541360133918029673e-02,3.689257007571179692e+00,-1.493376378447819341e+00,-3.883225649511488076e+00,-1.457346913602915572e+00,-9.018787110756920633e-01,-8.709591783907990603e-01,-1.697390145729978261e+00,-2.738559135718187321e+00,4.239716596269111903e-01,-1.454644183854140668e-02
-1.799084342874919251e-01,1.067972981277567790e+00,9.555562399213537450e-01,1.802937451802512747e+00,2.529195734447910127e+00,1.976438046340395660e+00,-2.366137292160218897e-01,1.484429572024302535e-01,2.309508250088145864e+00,-2.493881359524817931e+00,-1.826087943283674297e+00,1.891361679154980990e+01,1.436857200056069095e+00,9.837194141746286036e-01,9.307982213317386178e-01,-8.486696004977066776e-01,-1.154647256206930095e+00,4.809068114778970449e-01,2.261296430394668378e-01,2.932485986401525691e-01,1.661003650312014024e+00,-1.787420242298209949e+00,1.917461849446747024e+00,-3.002306252834745504e+00,8.229827851351176893e-01,-4.615631628787794094e-01,-1.691959534991959169e+00,-6.045788037328860831e-01,1.676792373110182366e+00,5.991484295412743410e-01
-6.574629914361128646e-01,3.445426650488089271e-01,-1.873556768927938210e+00,-1.142916561968342570e+00,-1.139954978010787379e+00,1.009866548963179178e-01,5.484362996694134296e-01,1.562697027111757508e+00,1.687064067964113789e+00,1.768378373895602040e+00,2.632229642517672219e-01,8.778174701361505683e+00,2.080172482585256777e+00,-5.108372140650936366e-01,-1.249032630803637911e+00,1.452504067645848940e-01,-1.008631107397428561e+00,-5.115703710770201917e-01,1.200128153711761403e+00,2.764233803035451853e+00,-3.783241009543032440e-01,3.111360337446759772e+00,2.644605301857630764e+00,2.430158851378558360e+00,-7.317735596758667693e-01,-2.537411958557485026e-01,2.344443829144710278e+00,1.630451294888261016e-01,1.921166748183174233e+00,-7.112432975123271495e-02
2.391848620639031586e-01,-1.229527905236466268e+00,2.544849537448176324e+00,1.504403336848453288e+00,2.529659496445105238e-01,-5.693537485309312363e-01,-2.314719769661111481e+00,8.604412347237708203e-02,3.889724289223504439e+00,1.687392191317605539e+00,4.371737119282503164e-02,8.723650908822351724e+00,-1.041839172339265929e+00,1.342059965571532176e+00,-3.547837433294388720e+00,-2.263590228608643784e+00,6.010171370397984214e-01,6.147457792853614489e-01,1.417447306476100621e+00,2.090750885291328576e+00,4.259291264729937687e+00,1.098423194225997213e+00,4.606265103118236226e+00,-2.063292165882787133e-01,1.408782962364899305e+00,1.875415528612587313e+00,-3.188817906431621885e-01,-1.551625576943476581e+01,-1.789803343364888555e-01,-2.108580898622424815e+00
-1.006634799437157834e+00,-8.729036820902230653e-03,9.805078786775343058e-01,1.271604845115537508e+00,-4.084074429514307492e-02,3.055680253200308005e-01,1.354292376324359504e+00,-6.659596075244068603e-01,2.017361454556442002e+00,2.005316472299230934e+00,-1.171200916657945124e+00,1.026604106351679491e+01,2.606752583927407940e+00,-6.270143034411255201e-01,-1.180105042067321586e+00,-6.065157261046378867e-01,-1.474116555766658232e+00,-1.558232628063897174e+00,1.658290978303719188e+00,4.352448065520864162e+00,3.124925648107809706e-02,3.988793431570597292e+00,6.834306405063673928e+00,2.343249140978939771e+00,8.475478370740745504e-01,7.518210404949748904e-01,4.456448159735341141e-01,-4.689804014728892412e+00,7.148888072281317507e-01,9.142541177732721458e-02
2.013027418951202296e+00,-1.791250109658317546e+00,1.943106657259947134e+00,-1.074292954279351120e+00,-4.112437808708210296e-01,-1.835776834842350880e+00,3.698618516675189483e-01,-2.707267096851359023e-01,9.026139615701794128e+00,4.282818815009070690e-01,5.679308040557117243e-01,-3.451522037469798576e+00,1.369390192544770812e+01,2.224337345197154647e+00,1.758496119373383015e+00,3.073388156673905414e+00,-5.550166141270496123e-01,-8.128907136027135882e-01,-4.390640398260961530e-01,6.560627337849397334e-01,1.935428545483457441e+00,-1.385046055512845875e+00,1.932897066376215722e-01,-1.311906454707725711e+00,4.096002258434561227e+00,1.113442007000325029e+00,1.401949535879075226e+00,1.120369267705284333e+00,-6.552555339267260859e-01,-8.591612294646099324e-01
5.097627221843679113e-01,6.902968317558112465e-01,6.762443095015731043e-01,2.946576305053704714e-01,1.747392470003207299e+00,1.273644688114931034e+00,3.955206198861816458e-01,-1.351426624897041462e+00,1.763541954121071509e+00,9.079889016132401680e-02,-5.056759992615592614e-01,-2.673113719340942218e+00,3.171658099225036498e+00,3.090206937807373322e+00,-5.062676419972366171e-01,-8.408366153970600054e-01,2.272731289840784097e+00,1.181346880328095317e+00,2.418303404177684079e-01,4.726645665729999335e-01,-1.810169617456775404e+00,2.055781823435017586e+00,6.291557534526367235e+00,5.252043483952079095e-01,2.487845942721686132e+00,4.227364412570077112e-01,-1.444240851974699424e+00,3.791427698597781282e-01,3.770979472990344306e+00,1.240530093210320484e+00
1.934359786197840769e+00,1.959304637785594105e-01,-6.664820841455578737e-01,3.820208110603374174e-01,-1.202964210140014867e+00,-3.722362916484304840e+00,9.034002397508580362e-01,-1.800178885702850493e-02,-4.520701776416564677e-01,6.850889037383769420e-01,-1.404120127827295228e+00,-4.247559917750877823e+00,1.068311425642128576e+01,-5.645737735962640391e-01,-1.205382500103527654e+00,1.533277441003297881e+00,2.691421504479722948e-01,2.263913370198025743e-01,-1.683096814550162357e-01,2.975075873220229372e+00,3.437181207123754412e+00,-2.992846158823833758e+00,8.719867088064089389e-01,3.791902639919473295e+00,1.387924877132588941e+00,3.288940153062421157e+00,-3.270727687153643259e+00,-3.409823606865764578e+00,-6.141310501916467102e-01,2.840054240455947010e+00
7.590131599950008523e-01,2.616235146231671305e+00,-1.889652409044264847e-01,4.718358475385780321e-02,1.855113445606219713e+00,1.217533700861203272e+00,5.925950217298678879e-01,1.408902483206141698e-01,1.676883113968567329e+01,-2.262631092404574940e+00,1.178408628833592209e+00,1.230061376450661292e+01,2.188197204823279840e+00,1.451673773009372503e+00,-9.572990727227970176e-01,-1.160708200958590508e+00,-1.514703058512682610e+00,3.532305156412544611e-01,-3.880085764753330446e-01,8.034005042799654550e-01,-2.172940668978486090e-01,5.403191018790643341e+00,-7.997411644646656992e-01,-3.019176124403566419e-01,-1.887184958505961074e-01,-9.127758189263820432e-01,-1.343531677651570444e+00,-3.719388490302000250e+00,1.213492547581446201e+00,7.776741736295933460e-01
-1.332330988181618991e+00,-1.143505445810135024e+00,3.981063349692500530e+00,2.096258540011641802e+00,1.135326848010779432e+00,1.658608825220694860e-01,1.218251778039681321e+00,1.019779424122897460e+00,2.666280514822621406e+00,2.893997924758903717e-01,2.647654622994219054e+00,-1.829139638836152493e-01,5.873847939242213378e+00,9.847199946297534590e-01,-1.136091996949782468e+00,1.214049110461049574e+00,9.045229789137645970e-02,-2.690166403929371342e+00,-2.171504018979296013e+00,-1.701742184263841828e+00,2.143053416315511495e+00,5.863455954421081806e-02,1.910432401107273392e+01,-2.056787847483439791e+00,4.573238678248460198e-01,2.532778364325334319e-01,-2.719738994943127874e+00,-4.575196974165017139e+00,3.617812706475208362e+00,9.655022198192828031e-02
-2.996015509596785531e+00,-6.421342346664556944e-01,-6.340053044919536918e-01,1.104617704076686024e+00,-1.095895134392565584e+00,-5.402206122806143540e-01,-7.400280909694985365e-02,4.327423361876052144e-01,1.935076025044550452e+00,2.594501594052812443e+00,-1.680962651143503406e+00,2.190590136811123045e+01,2.431318521517762932e+01,-1.498252742853537045e+00,7.147560857295451875e-01,-7.610010871550922928e-01,1.714538702795513903e-01,1.231001229065543212e+00,-6.302612426613038998e-01,2.110602100394957326e+00,1.756937457451613449e+00,1.720059106763603962e-01,4.127382550775260839e+00,-1.943441860477851169e+00,-1.978884425000480896e+00,-1.774040938036255621e+00,2.821903565536077352e+00,1.713823909930000944e-01,4.656611154684439646e-01,-1.673133784803206625e+00
-4.657690890155316565e-01,-2.196502681505939081e-01,4.988345265031299269e-01,1.046810330170482084e+00,4.164243855476271183e-01,-1.238357641091833772e+00,5.578786109879166899e-01,-9.675246336723685170e-01,1.683251639311385550e-01,-2.987729247882509598e-01,-6.669123804417358414e-01,-1.892393242054121183e-01,2.475278957768030530e+00,3.164395069075991440e+00,7.340958692374313088e-01,2.979385373257429137e+00,-2.754515416329506028e+00,-1.775769489584556327e-01,1.002517712333135025e+00,-2.095010740024360274e+00,-1.553193772998649358e+00,-3.180114636896869129e+00,-7.762309665174518258e-01,-2.195621363945210902e+00,-2.908778666596685714e+00,-1.692025101560482803e+00,-2.168588751850300422e+00,-1.924258994821390623e+00,-2.783262289337143369e-01,-9.629852786517621999e-01
4.175077876561459900e-01,8.364168953179055288e-01,3.683700128832723686e-01,1.560743542906557202e-01,6.093301138298885533e-01,-5.493410179130396587e-02,-6.578068726690471379e-01,-1.264017224636565073e+00,3.708462944098609881e+00,-1.237887450960788893e+00,2.987176658743865842e-01,4.103233610407815313e+00,2.252668633717047619e+00,8.022830805157242784e-01,5.819343516675260508e-01,4.806171854515932651e-01,-2.401379745498117835e+00,-2.726013121855928478e+00,-3.319309085579530971e-01,-1.919616409195779472e+00,-3.646581121029126571e+00,-1.907791241886103606e+00,2.036815684640443536e+01,-5.505914529855913120e-01,4.896295292372434549e-01,3.123222242733977860e-01,-1.044190164664198506e-01,-1.338792601532079019e+00,2.598437984218799013e+00,6.678778277910325523e-01
3.248451480031404048e-01,-5.226023000134445429e-01,-9.318480417384356063e-01,1.673361148364810758e+00,-3.489426889526300868e-01,-4.437222953279666426e-01,4.022813219007758123e-01,5.670317512233029600e-01,9.648606582821414035e-01,-9.659340457927112489e-01,5.893744307543933303e-01,3.478942953252274872e+00,5.246798226518373243e-02,-8.335198676920966276e-01,-8.751205702941987630e-01,1.296601020369331891e+00,-1.195281485563050028e+00,-4.559105277063218997e-01,1.533537977272536601e+00,-1.013988574328148040e+00,2.769268016776837094e+00,-3.349915518840095086e+00,5.013078148145462265e-01,4.355392638429251284e-01,-1.060386754358405348e+00,-2.769944450851301032e-01,1.311572766014540425e+00,1.191900867955778986e+00,-8.108582165591232682e-01,-1.302325640025507256e-02
3.237295530634409779e-02,-1.153172351798448236e+00,-2.531842907665019293e+00,-1.318673617839286383e+00,-9.140782947963765892e-01,-7.582460550475638161e-01,-9.134242325292266651e-01,8.921282381120443361e-01,3.041497571247298026e+00,4.191811817545305630e-01,1.254289949371402368e+00,4.556655117114568609e-01,-3.544121155885740504e-01,7.863114577620645695e-01,-5.760925595034011026e-01,-1.635986356135625597e+00,1.556130310860463384e+00,3.285632365829214141e+00,1.128881988216483112e+00,1.729544987718729443e+00,6.575283263473702400e-01,3.769431949465267717e+00,3.301725880875923025e+01,1.145583767692891497e+00,1.437798088874278069e+00,5.625020880606600437e-01,-1.034341945090760051e+00,-1.996826812427183961e+00,1.665629791927385694e+00,1.360964590920417328e+00
-5.858298107021622236e-01,7.276109428966447412e-01,-7.835923761929680653e-01,2.817205616927971612e-02,3.122475748929624539e-01,-1.787430065526824097e-01,4.518574561880268070e-01,-1.458431012869969845e-01,2.051785973138100960e+00,1.431710555730696388e+00,-1.209087658869823168e+00,3.006205332367278160e+00,1.029979537785017607e+00,8.823295825085850086e-02,-6.837208914295626050e-01,-1.377910340599643346e+00,1.978893059206112970e-01,3.051447219585426973e-01,1.884958848329020054e+00,4.754570133904252316e-01,2.057485118893633835e+00,-1.747443903231690188e+00,-1.962221857529103497e+00,-1.470878257685743984e+00,1.894046717119009848e+00,2.467722313530543499e+00,-2.982238509601482512e-01,-2.038889136804511004e+00,1.973453538000437435e+00,2.020012119750439261e+00
-1.083119594789743623e+00,-1.032254012058976267e+00,-1.177835501833260246e+00,3.879203670606346521e-01,2.621731831847303518e+00,1.499944857833351408e+00,-1.427666350586007438e+00,-1.100097288882151414e+00,5.562569188364241413e+00,-6.620037409935043693e-02,2.300832043397670112e+00,1.414090440777773239e-01,2.692216233820524440e+00,-1.885466038894521690e+00,3.276480440122786497e-01,-1.519618433959464054e+00,2.162709425197688051e-01,1.139163102840404784e+00,-1.311740879583433439e-01,-5.268944216810838022e-01,1.648743506430802030e+00,-7.406376729515051771e-01,5.353210262656376450e+00,2.103838193303733117e-01,1.556411820832836135e+00,1.918806179166924752e-01,-8.179324241373271409e-01,-7.112058449142333316e+00,4.208238372473069311e-02,-4.879127965955425972e-01
-1.302904177377169459e+00,-1.154818389909395560e+00,1.153274452631011471e+00,1.907841841270491723e-01,9.811783478446152174e-01,1.373193166275181509e+00,4.141952410004898777e-01,2.559644127797065849e+00,2.268227759937560428e+00,-1.422679176830213610e+00,-1.294607104364877914e+00,3.335702222627392022e+00,6.572483694079025440e+00,5.005262196599973290e-01,-2.389656666814424568e+00,-1.766292675378801968e+00,-1.913410418424575932e+00,-3.680273014513249397e+00,-1.920204789339779450e-01,6.473935880401087140e-01,-1.178227479976508452e+00,1.253050060746654371e+00,3.766500094176542035e+01,-1.124954557442867653e+00,-2.829628756553932978e-01,-2.829722848676123892e+00,1.256333175640147237e+00,-1.286424767044642259e+00,9.397787370911572236e-01,2.398692161755256458e-01
-2.262403167157895911e-01,-7.547640527656920284e-01,8.256876178597303273e-01,2.109942649275492688e+00,3.146751368243048685e-01,-1.037886647242553112e-01,-7.868383661918441074e-01,3.440570280645766088e-01,1.844764685270078530e+00,-1.193870923527681871e+00,-6.492929450848372586e-02,7.548581862910735296e+00,-6.514577993094246011e-01,-2.185946085376692327e+00,-7.342101024334338755e-01,-1.573855128221414157e+00,1.217580684299697014e+00,8.564771038739514841e-01,3.118497270693467924e-02,2.943532563743334607e-01,1.992665705046449354e+00,-1.785514364071552729e+00,2.953031564765560724e+00,1.258677896506436245e+00,-5.000899781337743155e-01,-1.056501428955853417e+00,-3.159095663363561179e+00,-3.091301320173326594e+00,1.005541508863476929e+00,9.338723725424274980e-01
2.694733234127837385e-01,-6.950518797359614420e-02,-3.819977432992448518e-01,1.363223952402240480e+00,-1.611297764662481091e+00,-1.253498956971581979e+00,2.391856005976723321e+00,1.666367024300911215e+00,-4.846592817658960661e-01,-1.911933748611729378e-01,2.261944778838291883e-02,-2.325019084664574631e+00,1.295861920315083404e-01,-3.185979612918514725e-01,1.849350606156331678e-01,-1.440507044175036944e+00,-4.816624305404417217e-01,1.691509923288013750e-01,4.136421691866801198e-02,2.483134779151086047e+00,2.267741796935752507e+00,-1.354805500108286376e+00,8.085262141359174093e-01,9.508385396910346010e-01,1.378413976611998049e+00,-6.517933585776723715e-02,-9.373023015305782524e-01,-1.503306418369903241e+01,1.565005706733609836e+00,1.583004589822625263e+00
-1.149051743284483340e+00,-3.012587469657090455e+00,2.711722010466101618e-01,-1.762176516468004772e+00,4.108526681099023414e-01,-4.585786401407894453e-02,1.231929717339656172e+00,2.074058656473224627e+00,2.612354031081951433e+01,2.170835354220402191e+00,-6.621876564831383760e-01,1.444930596048319238e+01,8.280809838053282412e-01,-1.125098965757420189e+00,4.842937253586183238e-02,1.490723641566273350e-01,-4.517226870886857926e-01,-2.348687959844035333e+00,3.496232369059545153e+00,1.668958108161640919e+00,4.352190743481745727e+00,1.184525735526041901e+00,1.823001203809875648e+01,3.813507299007637741e+00,-2.429344976251619492e+00,-5.556311721294976413e-01,-6.398269234313070930e-01,-4.645055372413091632e+00,3.848361613323391106e-01,7.674385306705663323e-01
1.188882918682291123e+00,-5.095610190008010854e-01,-9.328789733284612584e-01,-2.678382805352202745e+00,3.133895960589408780e+00,2.726328943256316251e+00,-6.670994566964276451e-02,-1.520023093117487123e-01,-5.658888326369897470e-01,-7.873133136057534065e-01,-5.812236319473486346e-02,4.373316010288711198e+00,3.319856245323224098e+00,9.858835972801148761e-01,1.052825004048887764e-01,-2.385940473765480796e+00,1.540971967244289198e+00,1.475670562163422794e-01,-1.764176927388391158e+00,-1.045437044441061225e+00,6.237642843728243014e-02,3.549282587478399975e+00,-4.223456183993252733e-01,2.348110401023796978e+00,1.973307104276309065e+00,-9.351731620046911386e-01,1.932093969460724203e-01,-4.876031719291480937e-01,-7.654174887451673515e-01,-1.475607278645695297e+00
1.853292763793530806e+00,-7.923959579348286431e-01,-1.267836002704677778e+00,-1.605508817367838625e-01,-1.985595963336445280e+00,-2.325537853543210076e+00,-1.365797800166291598e+00,-6.502031458257030438e-01,1.879341721069359483e+00,-4.164056415596833483e-01,2.263134854124665141e-01,-9.289496166459245696e-01,1.054285930015056749e+01,-7.603823429654199550e-02,2.062290913843014550e-01,4.324047244986892191e-01,-8.425229243670520063e-01,8.365331719438655611e-01,-3.342057092867738444e-01,8.394157421093931815e-01,4.759959385781103336e+00,2.166813198595301415e+00,2.671938280693820555e+00,-1.052022618113954255e+00,-6.779105908448637141e-01,-2.377973335864254911e-01,-2.179738270585583226e+00,-6.233420829972729393e+00,-2.362726105386096176e+00,-2.124440412951106971e+00
1.341901585318682422e+00,-2.740651961615901744e+00,1.483901634691327631e+00,1.771343432249831817e+00,-2.155977885725755883e+00,-1.047036238236179306e+00,6.681118307862186079e-01,4.284987781900054249e-01,2.362615281548107404e+01,9.345539956028870998e-01,-6.599838472062139472e-01,2.606720271791967303e+00,4.881642013302139205e+00,-8.118922917960725849e-01,2.282352142843039555e+00,7.396094760161601167e-01,1.744645682401579467e+00,2.991771032764787286e+00,-3.259227048214567990e+00,-1.259081567117601885e+00,-5.010425707838320752e-01,2.077466341873710487e+00,2.436058993492638791e+01,-1.100854542561636507e+00,2.087579613102004128e+00,5.946072248472599187e-01,-1.610258597881975007e+00,-4.843833391119481746e+00,-6.611911681290605358e-01,5.572599548753082166e-01
-3.343764312744811895e-01,-5.868985842302298916e-01,-3.488586940188419305e+00,-1.172379331105163569e+00,3.115005285249761169e-01,1.710818088263223347e+00,1.912454091107597565e+00,1.751575663358016621e+00,3.262928976883349819e+00,1.503851268632474314e+00,4.866418724926838690e-01,5.924717840037423855e+00,1.435406260760974106e+00,1.046690833432717849e+00,9.266458650168477029e-02,-1.953566329422101733e+00,1.446614068751033599e+00,1.645775500193978225e+00,1.565841720313911611e-01,-1.039885274143970584e+00,7.633666949328860030e-01,9.155380828808874494e-01,1.043683818438824318e+01,1.206541157065665892e+00,-2.376172696978340770e+00,-7.200680378514094926e-01,6.184347967244481215e-01,-1.079798514947946941e+01,-4.851104442731671296e-01,-1.582108285380534607e+00
-3.827670346030984105e-01,2.414422141001177913e-01,-8.017063283896822545e-01,-9.909036730985218977e-01,-4.877701274427469480e-01,3.711621157927489922e-01,-7.974873492196477009e-01,-1.336252940595963112e+00,1.513578936503761962e+00,-5.490644062106251333e-01,2.708023121667349375e+00,2.055329546267167018e+00,9.365524873390198568e-01,-1.839702836974070888e-01,6.297098192947644391e-01,-2.770018412515240502e+00,-5.694307495651216300e-01,-1.208176707829040630e+00,-2.437970468940538815e+00,-1.019506727103450805e+00,2.554464771809198176e+00,-2.052242428336108926e+00,3.330778772934976484e+00,1.961640628446458479e+00,-6.959479070511749299e-01,4.214298138621664913e-01,-1.772014676083392803e+00,-3.205785302424273731e+00,-1.465685067055898794e-01,-1.114450835523186578e+00
8.833581045039337609e-02,9.199469220439089323e-01,-1.902553664554469171e+00,2.482192145274237927e+00,-2.446449024318527510e+00,-5.867798835742412678e-01,-6.196473691861077437e-01,1.371651234083007612e-02,5.202217307655622847e+00,9.517115876001416286e-01,-1.285637547725177132e+00,3.314474010226390988e+00,-1.793947875211796272e-01,-8.147256600010581717e-01,1.449683282766332848e+00,-5.925329172374095565e-02,1.286383581805099929e+00,2.622176013549480933e-01,3.264210633067653244e+00,3.459934414906942757e-01,9.410774591787738341e-01,1.453608735604307034e+00,-4.397039303226799589e-01,-1.769297054818040893e+00,-2.089971533457326419e-02,3.771977910534394240e-01,1.357019670864524630e-01,-1.252897086030257290e+00,-1.933408778114249493e+00,9.446222758324265278e-01
1.410826525521280850e+00,5.086549451328743476e-01,8.615096190828196443e-01,-1.267843611694210226e+00,-1.629874970118050825e+00,-1.326441693610559858e+00,-1.381609397342711487e+00,-5.238073399008704722e-01,3.806197773791146766e-01,1.436644409596485872e+00,3.532111378897715426e-01,5.615517841371639562e+00,4.766092844373385873e+00,-3.265719250705905186e-01,-6.862504492045573556e-02,8.884554031524274365e-01,-3.446402853942343580e-01,-7.610915757177832974e-01,1.654658457310177910e+00,6.232867153501436830e-01,2.657476819467020412e+00,-2.683348536069565249e+00,4.175818394664485567e+00,2.818467597396824065e+00,-1.978767639232094921e-01,-2.235339927041222641e+00,2.860154915182266944e+00,-3.428383718919744361e+00,1.728734654873489429e-01,-7.536750350675867072e-01
7.178388562815787299e-01,2.362350525702340054e+00,6.979190841669937750e-01,1.773088880899650555e+00,1.674026545818648071e+00,5.220844462208642511e-01,-7.890536028422875381e-01,-9.672808029757906656e-02,1.416661100846033605e+01,-2.326414134670779787e-01,8.053704472064045217e-02,-1.119551102292864808e+00,2.958175000392397003e+00,7.979465799074478283e-03,-1.776982542773015039e+00,-4.060791113345509074e-02,1.494729269621405177e+00,-5.401684562571452686e-01,-6.971009004466639791e-02,-1.762065273806543431e+00,-1.613948135209331558e-01,4.219901578446953572e+00,5.094943972719598868e-01,-5.450696323716633929e-01,-2.857116007288571513e-01,1.096288214669905781e+00,6.920166975452382019e-01,-5.242399197913600872e-01,4.995045423251086580e-01,-2.190324697022912048e-01
-1.295826180030302366e+00,-2.042840533748028431e+00,8.770070167151119978e-02,-1.913003634614981019e+00,-1.906793065965340650e-01,-1.003750714587239856e-01,6.051555047556920197e-01,1.444055920614252031e+00,9.516449398644999391e+00,1.500744141064189963e+00,6.627842917600295092e-01,6.671781061598198725e+00,6.213017035236292784e+00,2.097278833233019224e+00,7.099107025382888070e-01,1.706458420025127820e+00,1.487248898574527134e+00,1.046276175375895789e+00,1.972658900396385029e+00,-2.493272012551591144e-01,1.524909844875009579e+00,8.671346289068612712e-02,4.013073598234695005e+00,-8.074107926078882835e-01,3.814485986789262206e-01,-1.667347893783890145e+00,-1.053548109474297112e-01,-5.188648951823163769e-01,4.260667638275493496e-02,1.673605289806979313e+00
9.166751319654934393e-01,9.447150342308575643e-01,-1.199182212986618756e+00,1.464330269084164637e+00,-1.655609621551022759e+00,-2.067883793104401402e+00,1.806045230571393656e+00,1.127986941212555161e+00,-2.337661546488289943e-01,-3.585965591865025281e+00,-2.160156989016073226e+00,3.745780444940989184e+01,1.425023608092682359e+00,-6.935489690812758345e-01,-1.327140608151172296e+00,-2.766464669781309116e+00,7.378586663211982311e-01,1.068580743296188990e-01,-3.757916258819473110e-01,-6.805342782438876525e-02,1.253238181896391801e+00,3.946547784606111442e-01,-6.401592308288397981e-02,-1.618918320252011656e+00,-5.965820411875915052e-01,1.801444190826274383e+00,2.175064348375681966e+00,-9.740541251217502250e+00,2.356473833013103258e-01,6.181236244425000192e-01
-8.561529170260230304e-01,2.178148215122829079e+00,5.576705302820518240e-01,-1.015058439860120787e+00,5.332802133689152901e-01,-1.134276901262056547e-01,9.757886793653979263e-01,2.208960831792428081e+00,1.318055460859242700e+01,-4.092227396107924187e-01,1.188566898973124619e+00,-2.238757431761257521e+00,3.873248733573325886e+00,8.069917075132430062e-01,-1.412378646247282044e+00,-6.375124558720316470e-01,2.849399525090873797e-01,-1.164282601335996925e-01,-2.307720291080266328e+00,-1.255153269123698623e+00,2.164473240841393142e+00,-2.777470233743620120e+00,-1.060528525321524640e+00,-1.530768134348766463e+00,2.736716899840649475e+00,1.292450677674168436e+00,-1.591179272860017146e-01,-2.653173975535758178e+00,-1.499934429396847069e+00,-3.913498192697466016e-01
-1.588155498929361142e+00,1.197943773753243013e+00,1.506841958857321861e+00,-5.862882733153097492e-01,1.264201349544201713e-01,-9.626011156481247832e-01,1.487164581174541533e-01,6.302445232488487203e-01,4.758825778359323522e+00,-2.057568697072554020e-01,3.098306840190155342e-01,-9.873468986525769653e-01,6.394022485953001933e+00,-6.022503997067517600e-01,8.376731932254546376e-01,4.366559942129485394e-01,2.172986903653187696e+00,1.064215983274228172e+00,-1.435720138988529460e+00,1.525480028288564327e+00,-1.860783539477502524e+00,-1.270414050639520731e+00,5.208810661520950624e+00,-1.195729290866064942e-01,-2.104113354540511516e+00,-6.693277857756346760e-01,-6.580059903539344779e-01,-1.938496019499678980e+00,-2.018378344563827920e+00,1.745682755232603744e-01
1.624255293756784679e+00,8.021290906900668816e-02,-2.673794196789575084e-01,-1.423019130136253807e-01,-1.471875581177622128e-01,-6.758012653147658089e-01,8.703953896679702540e-01,1.217662228109010369e+00,1.038588964668244186e-01,-1.158800940854636842e-02,9.405643941694331600e-01,-3.441236582904819041e+00,6.857741125541081395e+00,1.631086283707028628e-01,-5.269894293185911627e-01,-1.806452915761999956e+00,5.178132049432979667e-01,1.693949396347963932e+00,4.443394882630132825e-01,8.513384416692476586e-02,2.332950526916395262e-01,2.632754130247421109e+00,8.738163283414346338e+00,7.252081110888438653e-01,-6.562194675310162317e-01,-1.664003528485440198e+00,1.524297583031489989e+00,-1.995934565735871580e+00,4.308561441969488426e-01,8.278987651524400970e-01
-1.274644513585271088e+00,-1.196740837948788494e+00,8.079043181041415389e-01,3.909115206409152221e-01,-2.191476268464148114e-01,9.494318736419402605e-01,2.522619522723022811e+00,2.705143748342118126e+00,3.664373115636498035e+00,-1.415983352678448215e-01,-1.949341606757215850e-01,-1.044851568081600623e+00,3.450863480091843627e+00,-1.141476913567431417e+00,1.584911962957566756e+00,-2.799902855792450462e-01,6.352057582770538335e-01,1.188030703003281952e+00,6.959082168757926290e-01,7.178127820095789868e-01,2.146627467456256433e+00,-1.576853380132406945e+00,5.545289960213008129e+00,3.047614362974767399e+00,-1.622094992748455283e-02,-1.771479091780405968e+00,-6.150273646861803556e-01,-2.009239483374835444e+01,-1.991712555498475146e+00,-2.118363850256161474e+00
-1.357173775758261591e+00,5.971624915242019771e-01,3.782335227886373108e-01,2.504925880384632486e-01,4.397062813173588935e-01,1.574202937634754607e+00,1.671282996860121495e+00,6.293084120105164603e-01,1.630852169886815695e+00,-3.344406134363651084e-01,-1.299817325022548653e+00,-2.238559169528905546e+00,4.752949269049596026e+00,-1.152662565261001193e+00,9.145468727595341685e-01,1.239174095678436949e+00,1.117080709629431290e+00,1.650916090854690710e+00,-4.753999102673114874e-01,1.220893528935927064e+00,3.024219298673730627e+00,-2.392559173928537675e+00,7.916410502615930156e+00,-1.992759303370023494e+00,-1.383451243158565491e+00,-9.309889936389831311e-01,-2.115081845484421130e-01,-5.613551496949108710e+00,-1.061639937986696536e+00,-1.252964866973518276e+00
1.901611071480083348e+00,-1.527833938803473401e+00,-5.737543691920875544e-01,-6.798483567839450625e-01,8.512461001930088367e-01,-3.939084468573899045e-01,-2.432581489011086173e+00,-4.267389297021518257e-01,5.459403583797632464e+00,-3.899702288916746529e-01,-2.228470315871382113e+00,-2.169115488163349426e+00,7.609031955335682440e+00,1.523483507088280453e-01,1.701723921956758367e+00,4.703029153341093949e-01,-3.298251409568915826e-01,-1.305240485853092491e-01,-7.354112391689313633e-01,-6.424323886085495650e-01,1.257932376638268179e+00,1.033769047374137884e+00,1.135937364104775193e+00,-1.571384839836103886e+00,1.340666174499634877e+00,9.732251789840585809e-01,2.385556495552769718e+00,-1.602880243758701795e+01,-6.218250839141852282e-01,-4.380936578493105360e-01
3.738588448100597095e-01,1.543260400978251901e-01,4.539604613074329498e-01,-6.961874755301847850e-01,-2.635186954726438657e-02,-2.508736451407350340e-02,1.040618965538329777e+00,-2.297326438161346740e-01,1.872707217494928189e+00,1.168676450633694186e+00,-1.455942471377261516e+00,1.092694451023632718e+00,-7.358674771583160190e-01,-1.805032546019990081e-01,-1.191530546230782583e+00,2.320754706073800966e-01,2.148229683550354263e+00,1.760286205570407825e+00,-5.415601694343176176e-01,8.322698981070421054e-01,-2.199620662751271105e+00,-2.297182124433605921e+00,5.412793939684787503e+00,-1.694736445379500633e+00,-7.129779853014825974e-01,-1.923197442688299619e+00,-6.608549774245013886e-01,-1.584607709725781133e+00,2.056106261493692300e-01,1.139092452520739096e+00
-4.709275930183402181e+00,-2.953885566373008587e+00,6.151716775580735597e-01,-1.039894090613406319e-01,-1.399737260818322282e+00,-1.795649544927144348e+00,7.945832210303004073e-02,-6.284464086813417172e-01,2.450125688210171404e+01,-2.239878226511306941e-02,1.502572069327600401e-01,-2.120898817765712430e+00,6.623608724062428621e+01,2.634133861862256065e+00,-4.406125089775830284e-01,-6.449856425148788874e-01,-1.126347351891821280e-01,-1.338310936120685968e+00,3.827105243580365412e-01,1.075726724467774842e+00,2.889654674858492367e+00,-3.801966417404166076e+00,4.933890429302558722e+00,-3.404947723392711012e+00,1.372881586148668731e-01,-5.331943336240275721e-01,-1.336696916651594513e+00,6.029744555941232154e-01,-8.789292429059651288e-03,-1.752427075968742143e-01
-1.924777259850865008e+00,2.100388671751030945e+00,1.199039893843515392e+00,1.714395112337760763e+00,1.769805375716821283e+00,1.500231651123057341e+00,-9.612879844584389932e-01,-1.801981368754469459e+00,1.334573030017624085e+01,8.923410009534286091e-01,-1.054504199125156250e+00,3.791828054457581754e+00,1.065435679831148796e+01,-9.565639898517218631e-01,1.363956333038639057e+00,9.792543222043031959e-01,-3.644202294754782745e+00,2.302417977534633176e-01,8.612566558734250366e-01,1.391408157979128868e+00,-4.792480763266965482e+00,-2.754913790607774748e-01,1.481925513641540459e-01,8.158050021649739802e-01,1.275766864994603456e+00,-5.505315902126380889e-01,2.787124689480668494e+00,-1.134243278270123945e+00,-3.189539303000015757e-01,1.033869099929872748e+00
1.068867582853648066e-02,1.583126062619228946e+00,-7.992155822094509920e-01,-8.597868967892324799e-01,-2.161992897043988116e+00,-2.961894142168477462e+00,-2.277817517240220635e+00,-1.701105417891060290e+00,5.894543981995235882e+00,-1.569016165595565060e-01,2.244155967030348808e+00,1.501086968645855002e-01,-2.195052651382495557e-01,2.388342412821143235e+00,-1.014192095752435741e+00,-3.463921675031180758e-01,1.333144038473717652e+00,9.310742505778359934e-01,9.670911349418396252e-01,9.441441063318312121e-01,1.289535436203908425e+00,8.604113538864744948e-01,4.179795149588447778e+00,-2.469575691892196001e-01,1.165676645742723672e+00,3.049492438520712501e+00,1.699058371385162136e+00,-1.349634402848933590e+01,3.314117644992430334e-01,2.476208038315657611e-01
-1.384846630033668147e+00,-1.218524104682280118e+00,-2.631791417317546511e+00,-1.026362127884919762e+00,-2.247560674574185402e+00,-1.011577715597202332e+00,-9.511131145639313278e-01,2.966137135523357893e-01,6.214525587583857202e+00,8.053533036024990155e-01,-7.356129408754357168e-01,-2.229667906359505736e+00,5.639683824391823030e+00,-2.244566863402922274e-01,2.003276184699427087e-01,4.406276122009493701e-01,-5.105409172353491121e-01,1.122070253933527439e+00,2.227367313705601148e+00,7.237515470408935059e-01,4.557680256140898223e+00,-3.093571513580710697e-01,5.565389131962273694e+00,1.264761934484747719e-01,-1.249453317283311771e+00,-2.746845802602401410e+00,1.121126123057713253e-01,-2.454541228769894445e+00,3.769640496501404647e-01,7.316457761775458923e-01
4.997896279895212568e-01,-4.844330348336472469e-01,-1.401418425165173787e+00,4.836396011836214814e-01,2.614707771450093698e+00,1.598936186653599156e+00,1.437802643094106658e+00,9.870246485948696025e-01,3.373351760450365444e-01,9.540728870491660407e-01,7.454678376926200389e-01,2.427323271427529683e+00,2.293743632240047958e+00,4.643896775281226019e-01,1.214249314438352823e+00,6.572541287788558062e-01,2.010246216207688619e+00,1.671659650753411830e+00,-2.677218073961259437e-01,-1.220648386378124339e+00,-4.111133712346432212e+00,-4.906341073751020687e+00,8.006360803425156547e+00,-1.510845961022074524e-01,-1.245762284347663895e+00,5.199468981097612463e-01,-2.685702317181284826e+00,-6.259386866100405733e+00,2.203152584244421508e+00,2.472159924499014227e+00
-3.419554964184067458e+00,-3.822215420578537248e+00,2.955693979839906227e+00,2.479069553177942087e+00,-2.156841444063898994e+00,2.328002819648844479e-01,-1.679047416042523277e+00,-1.300661025664844983e+00,4.185059290962684031e+01,1.383475559435075886e-01,1.749392458865750788e+00,2.574598972765266058e+00,3.207364939637520962e+01,-2.223011919018566207e+00,-1.082619984972647442e+00,-1.156464450092022922e+00,1.732036211768018141e+00,7.017896182803152749e-01,8.348989413685137251e-02,-9.864884517106814465e-01,-8.098475001032865439e-01,9.230008346415925491e-01,1.285441830080547243e+00,-1.703884077142679310e+00,1.981924187657602587e+00,1.764453156266428291e+00,-5.177450899329426592e-01,-8.878490617643199911e+00,-1.411363067129311810e+00,-1.865559298140209377e+00
7.449241056024648311e-02,-2.130183903433626291e+00,8.717310754024784059e-01,-9.373903479032739128e-01,-3.195096304648517016e-01,-6.743820720391822121e-01,1.024369323311636659e+00,-2.473624968947989999e-01,1.320301571530399620e+01,1.028568440570109821e-01,3.972858457203460314e-01,-1.700915074793516002e+00,1.228813864780267107e+00,1.539109111779553674e+00,4.469287042256688269e-01,8.636331404898855979e-01,-8.818181369622918320e-01,-8.717827172872584240e-01,9.732150109474733968e-02,-3.667437574312857884e-01,3.259716675528860463e+00,-3.264318098405640800e+00,2.848317060495766384e+00,-1.098256995542464497e-02,2.873600924111563426e+00,3.290623110969575493e-01,2.776383133384996427e+00,-4.085268952186442704e-01,1.604430940531443861e+00,1.273688142164483894e+00
-2.474492068728843530e-01,-4.223384319662628616e-01,-1.012748135498710234e+00,-3.041534747037424324e+00,1.756866342062309183e+00,1.319476376160826803e+00,-1.933040762595905349e-01,4.246425661290490483e-01,1.628921674180610624e-01,-1.833995071903486318e+00,6.982734286562518600e-01,1.164663287694045479e+01,2.847865013507287490e-01,1.459046006314260957e+00,6.411384544427612964e-01,-6.171280906722662607e-01,6.968949578659614508e-01,1.653488618181579550e+00,4.370986522507286365e-01,9.835267205625097819e-01,4.968315463148586630e+00,2.778360380855310119e+00,8.929336303257965568e+00,-3.865561680518517784e-01,-4.131721413214174410e-01,-2.003957011283577394e+00,1.171171017065860687e-01,-1.360921859616740726e+00,6.438397706266953957e-01,-6.752958628036673794e-01
2.138589075741223478e-01,4.773279945558227544e-01,1.484771241618814797e+00,2.624545480445423795e+00,-3.234396203883521115e-01,6.264177403738753203e-01,5.993349488024003469e-01,9.671729903756409730e-01,-6.646644181910602578e-01,-2.790626323152745947e+00,-1.090834252609341970e+00,2.357077326397028116e+01,1.418207371049241106e+00,-1.019901717182021272e+00,-3.451674140639660604e-01,-1.353747695810114671e+00,-6.084679602893989792e-01,8.147506095654460934e-01,1.582150693771718908e+00,-8.627235777852624299e-01,2.002362814658392054e+00,-1.396980921776290963e+00,3.663157124137728538e+00,1.304977852175731590e+00,-1.616193926918521040e-01,-2.769985008459106002e+00,-4.906735589431243660e-01,-3.812110948356928652e+00,-1.802895837070387919e-01,-2.849575596934928595e-02
-2.016107426056608365e-01,1.119852033929636725e+00,-1.139179716517949997e-01,-9.318873061726833384e-01,2.608319712031740845e-01,-2.139872959158738430e-01,-4.161903748961001681e-01,-1.620472120264028204e+00,5.219367214642618436e+00,6.900520409752487483e-01,-1.275901857142026863e+00,-2.670426289530667407e+00,3.298193353601917566e-01,-4.153378310270955387e-01,1.461929583889308271e+00,6.097398873526651414e-02,-8.868701606815841965e-01,-7.355057272947822522e-01,-1.732219363665666201e+00,-3.767745616509982076e-01,2.642287435604770529e+00,-2.501225374467002549e+00,-1.208769723681839547e-01,-6.778105705214991783e-01,3.548213055640159652e+00,3.054736168907843830e+00,3.139653906203345279e+00,3.470135373909680743e-01,9.479894101531509687e-01,-7.765908437054722668e-01
1.458430349348328825e+00,1.831208842929609837e+00,-9.910291567219899900e-01,-1.495130807046606503e+00,5.869811624454147614e-01,3.532935907908640871e-01,1.071417820534021237e+00,2.724093906172773139e+00,9.302261652451365492e+00,-3.170319167957207362e+00,6.728687847727129467e-01,2.597949446073720381e+01,7.054776714698918205e+00,-3.647407901265220520e-01,-7.296434249361328783e-01,-1.733882991312504229e+00,2.153333280960079144e+00,1.616266918615572035e+00,2.015806343543333767e+00,3.039117167705819522e+00,-1.655468116039972459e+00,7.776900424901351805e-01,8.408109401520627912e+00,-1.095630859051233807e+00,-1.080382392152637649e+00,-3.731751432921276979e-01,-1.488232691279352204e+00,-5.376111781358993369e+00,1.265028725214416838e-01,2.946142155511426441e+00
3.415495757983412206e-01,-4.005265974543465446e-01,-1.346202141638735694e-01,1.009842074836578396e+00,-7.029007814708149171e-01,-2.644487792811854310e-01,-9.227564279141980963e-01,1.439713591914521862e+00,9.061333883850131166e-01,-2.148896823216742968e-01,1.564716250131316766e+00,1.057026809233877929e+00,-8.839974479953900399e-01,8.402261195064036903e-01,-1.332410974177106189e+00,9.917093002042820515e-01,-5.256192912050278165e-01,-1.958498100029067768e+00,-1.132919198931978899e+00,7.935658369620927077e-01,1.827293564160132444e+00,1.087303715049036112e-01,1.126151855918510059e+01,-1.272506479724429651e+00,-7.002122992926100853e-01,-1.259013738014639783e+00,-1.485522623308942247e+00,-1.386881801939293446e+00,2.398335269535823225e-02,5.435299087271123764e-01
1.635275511361230227e-01,-2.549967061776574617e-01,-9.120610915848865741e-01,-1.056398990189792331e+00,2.154607857140991567e-01,1.134670450454474455e+00,-6.056239579253691607e-01,-1.364572464099388649e-01,2.175698851406478340e+00,2.397827565717588705e+00,9.045174045298193244e-02,1.687347239032381196e+01,3.484288844465588841e+00,-1.749103131926549592e-01,1.405462434620254331e-01,1.078445614886316406e+00,4.837115062743124055e-02,3.232899289701282597e-01,2.810040931269029318e+00,1.366030535941922031e+00,7.430389846960072653e-01,2.472383678221621750e+00,1.262689911032533585e+00,-1.231859840734597089e+00,6.899748116078047167e-01,6.502726785772821039e-01,9.966504246104546105e-01,1.818116718872902826e+00,-6.531071570724180653e-01,4.858882989378633943e-01
1.217489474738900457e+00,8.565571028460015057e-01,3.138960555535154628e-01,-1.773928253025270629e-01,1.598665072313298907e+00,-1.275496876304441196e+00,-2.777809386273417669e+00,-9.876545802274873109e-01,3.534662277737500524e+00,2.793858019987881303e+00,-1.214652198141976669e+00,2.043834225448575381e+01,6.459127702810922855e+00,3.067834752325187875e+00,-1.364943434820568013e+00,-1.467856877440616881e+00,-1.430740656263082000e+00,-1.440230039124166694e+00,2.343867653538707629e-01,1.066509624714832682e+00,1.546287389062545592e-01,3.095061559095444004e+00,3.827909086350256729e+00,-5.755615122813724227e-01,1.485131861069432180e+00,-4.410182861219373307e-01,2.917263385021231059e+00,-2.088051229361962768e+01,1.299266092568119424e+00,-8.209471565095134427e-01
-2.197324190734598393e+00,-1.243734232772114146e+00,1.816050193540967583e-01,3.360170265305743031e-01,-3.978576560782431937e-01,-1.229440843505302361e+00,-1.077835531505563438e+00,1.243109631640610502e+00,3.952703646203233667e+00,9.482772714490140809e-01,2.243772823771573999e-01,-5.025526347663057392e-01,1.672026785864013831e+01,3.142912106572504083e+00,-1.356976930559629757e+00,-2.471547136116314825e+00,2.084564364626125155e+00,3.430992078580226146e+00,1.482080094234250911e+00,-6.707808304062651272e-01,-2.133262639401930727e+00,-3.386852657260014166e+00,3.630668176903962774e+01,2.799411787387021677e-01,7.263124067909497716e-01,-2.802330117633131112e-01,-1.839861945619244654e+00,-5.766570274764825754e+00,-6.679777399542903282e-01,-2.217782065724042795e+00
1.000317991059564982e+00,1.834961747206487415e+00,-7.382469912513182075e-01,-2.014764714408895152e+00,1.150508189988450169e+00,4.027305461002771425e-01,1.611244150876779857e+00,1.370168330795718203e+00,9.559546083142793194e+00,-2.362480024153967018e-01,-2.693079142745619325e+00,4.713732627285627252e-02,2.464823092630668011e+00,-6.996091922428102627e-01,1.048726865431471644e+00,1.595381053056069920e+00,1.357960550535083133e+00,3.450238739880255867e-01,2.469133577951805325e+00,6.700942171893103927e-01,2.822181924380776086e-01,5.671047332918915274e+00,1.739668226765163306e+00,-3.078333044132845475e-01,-4.923000577604427774e-02,1.640563149314386848e+00,5.741778990107968550e-01,-9.838772010073160601e+00,4.778032445307198728e-01,-1.403078343093926705e-01
-2.750130935871922144e+00,-3.298089097392219671e+00,2.223173258176509126e+00,-1.168860833161803781e+00,-2.051273916291316279e+00,1.039534500821864604e+00,-2.058852242655118125e-01,-5.507962053745533160e-01,3.392443385486900098e+01,1.466467723016982472e+00,-2.291869126809799706e+00,3.826385564498740788e+00,2.122858816825919348e+01,8.731264800858332675e-01,-1.212254811437916358e+00,-1.091412667365379896e+00,-7.203537855635423481e-01,-9.184470241154280012e-01,-2.840838826917410742e+00,-2.386632912511612026e-01,-7.530552725006041115e-01,9.004257366124412965e-01,3.759352816524251573e+00,1.337673064432710390e+00,-5.237514353252960969e-02,-9.850578969744482327e-01,-8.460539259299209025e-01,-4.065922559624860488e-01,1.107190648700386304e-01,-1.475017371273736888e+00
-1.657427808987647078e+00,2.520720421208554107e+00,2.396480983191211056e+00,-4.470274432102400164e-01,2.187432463922835080e+00,2.280639989527607270e+00,-1.341363755895074172e-01,2.025280051348830934e+00,1.709283984523156619e+01,6.649874056621110641e-02,-9.468541571557029801e-01,-4.782906239826852257e+00,7.575980056379340688e+00,-2.684542639441922507e+00,-1.043343627259285089e+00,3.518272977690891090e-01,1.570277074687030927e+00,-4.480710737379945408e-01,-4.416358764787101793e-02,-2.163795503424970512e+00,1.006381960818462928e-01,2.926397586147958307e+00,1.989942852781534377e+00,1.664879429877484940e+00,-5.217061994883902543e-01,4.418359048144281098e-02,-2.268429426357020162e+00,-7.842452593753764800e-01,-1.263435302600950105e-01,-4.401018491790641418e-01
2.120552711086323983e-01,-5.067229341715826507e-01,5.007316010934972361e-01,-1.553890732539604080e+00,9.840576575588784181e-01,-5.453730135873954277e-01,1.660815063440764350e+00,6.088803423729376441e-01,-1.965484100001927414e-01,-1.756134902281513810e+00,-5.289991627810986669e-02,8.894097447770079157e+00,8.230791137691186865e-01,6.154503221089011600e-01,-3.380415552499866028e+00,-2.023110731649601646e-01,7.875823564287728340e-01,6.647425962098663099e-01,1.402023626051680960e+00,1.550367601831158959e+00,2.897801459839520088e+00,-3.230074892663461039e+00,4.092271423605993164e+00,2.383728621737866593e+00,4.690576159619138430e+00,2.677435166028125479e+00,-1.431547036613007640e+00,-8.587932648887051101e+00,-2.673509160227435899e+00,-1.535648188054344887e+00
-2.137115598415020745e+00,-8.502084286355425791e-01,5.069129618192035336e-01,1.530232693860060333e+00,9.485741807157237471e-01,3.310813067057002401e-01,-4.313145757755836723e-02,-3.389466443090364267e-01,4.332706944047823860e+00,1.249192690016533991e+00,2.016508686913202723e-03,6.062365146514851588e+00,1.296795326687189664e+01,1.025949101338190728e+00,-1.140203269903495575e-01,-9.250699746097507115e-01,1.092746677981292880e+00,-2.104929001953155521e-01,1.295350894855582247e-01,1.470514359884257827e+00,-4.637034889454498821e-01,9.560941565896250438e-01,5.931292965885837098e-02,2.823702339946681517e-01,2.587335448264159066e+00,9.822481018694084742e-01,-1.237534259596306363e+00,-2.931211594704886014e+00,1.700480750009751296e-01,2.050142650072446227e+00
2.264892151826149447e-01,6.223778976363283227e-02,-2.881176699768046134e+00,-5.349034237323210816e-02,-6.028576429796983494e-01,2.870158622857478959e-03,5.995881233536113353e-01,3.233063852920850523e-01,6.904280277343394223e-01,2.567717119425416139e-01,-1.804575920633971098e+00,-2.647857080230824778e+00,-1.338751469800880944e-01,1.438431058189778566e-01,8.569802281432356006e-01,4.843904340872828285e-01,-5.061504377365908525e-01,-2.031750524754968534e+00,1.556859821562161628e+00,9.660083768590523035e-02,1.814106598169347606e+00,-2.995463538229991229e+00,1.348566005862332595e+01,-4.969471130554899418e-01,-1.877502397804090561e-01,9.588446326264812303e-01,1.534409976031696266e+00,7.586077676843725470e-01,1.044926988856660799e+00,4.463686692921500221e-01
-6.555171508063663000e-01,-8.788734728694555520e-02,2.529234947270701639e+00,1.190471130705373914e+00,-2.374615462845117708e+00,-2.452425754948536429e+00,-1.551691639004845635e+00,-5.091587072360103106e-01,2.212362082186069223e+00,1.082215437251427215e+00,2.643762286863828415e+00,4.481413518030059606e+00,1.033294263894434906e+00,8.375068108628880292e-01,2.867175488019796603e+00,-2.220693924340326475e-01,3.907565493933625511e+00,3.207016132517854334e+00,-2.145586570299441664e+00,3.614828330315427163e-01,-1.159750997359177749e+00,3.482584469249935033e+00,3.234574947357363328e+01,1.275159709576898281e+00,3.588004070030283849e-02,-8.617255101546912321e-01,-1.871589676292547910e+00,-5.463792402208081711e+00,2.147549913084370488e+00,1.101608123698983643e+00
-9.293760074056335307e-01,-4.656589093215101061e-01,8.916519295402372536e-02,-9.668137535334291044e-02,-1.594667244623357183e+00,-1.467494224304737305e+00,-1.203151437936838430e+00,-6.987981992510012841e-01,2.069096943462530591e-01,-8.806044900878751136e-01,8.945953073040192605e-01,1.665340126569922585e+00,2.720176368323963256e+00,2.491515822388478796e+00,-8.747363796066964792e-01,-1.039695977560638251e+00,4.144566862491210202e-01,-2.383568966918604148e-01,5.829929786710447148e-01,-2.686302264274892937e-01,3.760790274106081910e+00,-2.767393827079040136e+00,5.759148585872652104e-01,-1.351584584690997404e-01,2.322478602052340801e-01,-8.034129864743795313e-01,1.943850596938947461e+00,-2.183215236203056797e+00,1.568670763145764147e+00,2.193196120662240567e+00
1.440794665813891040e+00,9.835794098978480893e-01,4.029200957920702209e+00,2.736408997137678156e+00,9.007473092561212313e-01,-2.077087193843871471e-01,-1.004798417215242212e+00,-1.995180866696865563e+00,2.282572906976252813e+00,5.308629948037809632e-01,-1.323651761846812214e+00,3.121465742780824115e+00,5.905066588737103217e+00,-2.248134887610212795e-01,9.410402070341233882e-01,-2.713251691340893501e+00,-1.466540790082560886e+00,-9.497872801102175133e-01,-9.319591561260925916e-01,-8.487354175753364371e-01,-8.882374899901422927e-01,7.162725816243351584e-01,4.770110169886979889e+00,1.109475568030830805e+00,9.260154824592411460e-01,-1.807942058337024538e-01,4.362312408274425235e-01,-3.636478402459922599e+00,-7.588575089359919090e-01,-1.173404968913225599e-01
1.587486679962178293e+00,7.136318855926302440e-01,1.258957275480916509e-02,-2.762511377763371967e-01,-4.462704367085803536e-01,7.423425441961989391e-01,2.064939634348699204e+00,9.726126406203378094e-01,2.166723679685648829e+00,2.147207168420279810e+00,-7.778210974851247350e-01,1.177455447978643299e+01,7.478109265320874499e+00,2.264050565042978302e+00,-3.339996996468349022e-01,-7.010082747248785884e-01,-1.693631911024030989e+00,6.427075128948628313e-01,-1.855633203490623773e+00,-3.510387676920431188e-01,1.379636723244328511e+00,1.248712276501592111e+00,1.109270099364787487e-01,1.043588788308462932e-02,-1.849079512698465821e+00,1.296952312265824192e+00,-1.054526872097846013e+00,-1.225304874486730888e+01,-5.685507186356578702e-01,2.760727241092321704e-01
-1.836894565457902972e+00,-1.027797316710349129e+00,3.892445756833926018e-01,6.694846744955602613e-01,-2.778542814497942715e+00,3.356277562316936636e-01,-6.022117555382389131e-01,-1.545009018888812813e+00,1.187023710267478327e+00,-1.254508201638906195e+00,3.096810259275661545e-02,1.632595338062209134e+00,1.190105255347268276e+01,1.070119339902474209e+00,2.063292259275716578e+00,1.578529282175513415e-01,1.103386783774323199e+00,1.856725405959163577e+00,-1.468764275022819810e+00,-1.650693002440012158e+00,1.423016980875548620e+00,8.603370709115869541e-01,1.024484081573207384e+01,-3.274064996755849499e+00,1.146039417706917751e-02,-9.552095284053393476e-01,-1.009670240770534466e+00,-1.202886241715306559e+00,-4.050697747409092719e-01,-4.565353316778374970e-01
-2.779359966173946095e+00,-4.564498469313691409e+00,-2.981102805258765365e+00,-1.662924546774231072e+00,9.331600596289704175e-01,-1.364781495363787789e+00,2.658023655084777448e-01,1.438167335948917103e+00,5.769928093228146793e+01,-1.279936061360726463e+00,-1.069000831176915911e+00,1.589129905742919568e+00,2.064031892109903765e+01,1.640685374569157418e+00,9.383046779020710604e-01,2.250808581904226280e+00,5.553566378538469239e-01,-1.170148231897378155e+00,2.392997924159119272e+00,6.086661043646989233e-01,4.284363705114213161e+00,-4.604826893240694385e-01,3.935893369132662301e+00,-4.360152409352189284e-01,-3.538223951466595851e-01,-8.313417045687111484e-01,-3.405523862074266161e-01,-5.138019408810154953e-01,1.748039621314134706e+00,-7.483680835085785299e-01
1.366753198399656144e+00,4.469583602682489776e-01,-2.881713907032535937e-01,4.784045030881722838e-01,-3.045630717003469989e+00,-9.842865604102333243e-01,2.273393389147977395e+00,6.930071516118307962e-01,-2.091577018875209415e+00,-1.092790631373252719e-01,8.403262158445563568e-01,7.000907025782181492e-01,4.460772621401919658e+00,-1.564183655438913689e+00,-9.321901814752688864e-01,7.091509272653288010e-01,-1.347567048946124224e+00,7.144571169193152382e-01,3.795700232216346892e-01,-7.236428383459284630e-01,-1.410578156801001626e+00,-4.041444411736486164e-01,2.606100844979123643e+00,2.202495785890615121e+00,-2.857626028792076944e+00,-3.417728891490807719e+00,-2.686777076074688964e-01,-1.377695133750603063e+01,-1.673871539755355187e+00,-2.838698864640704644e-01
1.715383562418405505e+00,2.082660709223135065e+00,9.460991831120878492e-01,1.668940345178027140e+00,1.253259591804864348e+00,3.185049475532893970e-01,1.014433469782956454e+00,1.542217832519269693e+00,1.032240240847267643e+01,-1.122487977018050476e+00,-5.733731171190398213e-01,4.123873060593169271e+00,8.909007207634228820e+00,1.511243306274911546e+00,-7.724606437222237831e-01,-2.126989419314361029e+00,3.053832422883762110e-01,1.812407982028441944e-01,3.395643881016039423e-01,-1.027826086331908639e+00,4.338249156195085554e+00,-3.461647895453292545e-01,1.216248380541098406e+00,-5.110812078543872650e-01,-5.008869213120743513e-01,1.769431753526314044e-02,1.026415557639128451e-01,-3.264579826480535463e+00,-1.185894897989737240e+00,-1.434550322358282504e+00
1.060685225170212576e+00,-2.389922410599510660e-01,-7.981421295279325645e-02,-7.233174445401699959e-01,8.719997637239547128e-01,-7.747521033966904280e-01,1.424439823007918604e-01,8.701332065138501770e-01,-5.732880105764733836e-01,1.046296015650836742e+00,-6.155674024286893475e-01,1.412486090970175745e+00,1.252335774588467343e+00,-1.237540117928774608e+00,-9.902889627575334197e-01,-4.610184072191436111e-01,-5.048829966587488061e-01,9.835435368311838955e-01,2.087213451126126440e+00,1.838806707080053116e+00,2.333060105472051227e+00,-2.871708896486002693e+00,3.892192911229960472e+00,6.462245586483325033e-01,1.341463406115562529e-01,7.683772863091417049e-01,-4.280460798983625192e-01,1.531462186112256152e+00,2.524974425095250385e+00,1.361472827078582082e+00
-4.796221225215073214e-01,-1.819165854848077135e+00,-1.543297225979111120e+00,-3.096859985527509185e-01,1.600898046943579622e+00,2.093188427605622071e+00,1.761964368651134927e-01,1.649964329439498112e+00,9.516069427643154555e+00,1.719123495957399106e+00,1.852787964611230409e+00,6.581873819463176289e+00,-9.505730488550567792e-02,-8.931633804432789203e-01,-1.332188795901355860e+00,-7.856301417822229016e-01,-4.218411755157780996e-01,3.834729370603970899e-01,-1.529155053230172312e+00,4.158704522125933334e-01,5.678037194798302156e-01,-2.536404432606413906e-01,-6.823199188622439681e-01,-1.168015560473191661e+00,-1.206021867312529361e+00,-1.154844040805154570e+00,4.033832461822395854e-01,9.231525373891819042e-02,-3.564292802100976765e-01,9.901938948650067518e-01
1.022173418244851861e+00,5.871296685164201223e-01,4.847232719666705880e-01,8.805444721745637748e-01,-7.426602345117629955e-01,1.850488807256062795e+00,-1.074322060144222268e+00,-7.555974267538163591e-01,6.395319893969082514e-01,-1.609106357838829160e+00,1.744120639872401846e+00,5.893725737548488830e+00,6.044960275015752948e+00,2.625509011820568617e+00,1.513417782208738238e+00,1.304954409660952885e+00,-4.021452999479930290e-01,2.566759720728448713e+00,-8.541327845780616324e-01,-1.866816465869077790e+00,2.171352861449095339e+00,-1.588071518859348386e+00,1.799242307831729448e+01,-1.359715122185352953e+00,5.478211808309852993e-01,2.602807783398396468e-01,-1.556837296182371322e+00,-3.041209361390900145e+00,-1.005398079014804047e+00,-1.390530482256364109e-01
-2.413327690785923352e+00,4.017104035045757082e-01,2.064595656075081553e+00,8.719646251124784087e-01,1.857166035703653684e+00,4.042033340225079208e+00,-5.430289458027249827e-01,9.280616604152369664e-02,2.330490688121357845e+00,1.595438010700315434e+00,-1.205207164103151873e+00,4.903997395130417658e+00,1.553782950084736925e+01,8.643941887494800413e-01,1.178892230172780102e-02,-4.819993897111644054e-01,8.941679489922351731e-01,2.502882804079505918e-01,3.729725531909131031e-01,-2.109842779456994610e-01,3.278618435056664282e+00,-2.881233942439487272e+00,-1.527879525869219601e-01,2.052759267273285282e+00,2.377909971913380716e+00,2.025072617725732993e+00,2.548088618330550670e+00,-1.402614280438501559e+00,8.433139065105564880e-01,1.696906788209601391e+00
1.663127969314635468e+00,1.050594126530049133e+00,-4.741216054000041979e-01,-3.064635724691846530e-01,1.750624333983208936e-01,-9.376611904137295561e-02,1.022924877827328105e+00,2.513540786317964404e+00,2.357636222797970582e+00,-3.820595427375957365e-01,-1.394926047377891554e-01,-3.850503644003540948e+00,8.995952646184495194e+00,1.002277264904339438e+00,1.270638152246993113e-01,-8.731986815645839117e-01,2.927625685501790365e+00,1.899439161432409762e+00,1.511264554397965254e+00,-6.738866516537158624e-01,-3.813690423123112794e+00,-4.041896006088489202e+00,1.368401367232771015e+01,2.959029401814143867e+00,-5.048716618614124824e-02,-1.349275222472974933e+00,1.223522002260627239e+00,-2.980126366947596583e+00,1.292779887020015339e+00,1.030876735961628432e+00
8.342603601151660220e-01,4.326257081442243524e-01,8.510268408387530181e-01,3.021985706568731889e+00,-1.132318754561142532e-01,1.742323831513460930e-01,-2.827741558534115907e+00,-1.775610839020180576e+00,-9.160180342708398316e-01,-7.493535936289988930e-01,-8.752697473889763102e-02,3.019548281034268200e+00,1.854544812343972504e+00,-4.272893727821618803e+00,-1.150783442588776406e+00,-5.058348842461608541e-01,1.014906288365833520e+00,-6.638000469061448860e-02,3.064357934058394406e+00,1.456886866657335577e+00,8.278444412852568046e-01,-5.050782416197516778e-01,-2.391278003462924406e+00,-1.164056726677287656e+00,-4.670416069456073127e-01,-1.188359192377413054e+00,1.980270702609801647e+00,-2.046773017649325510e+01,1.299507521220850004e+00,4.484211508747588115e-01
7.744267064952364832e-01,-4.727427536437931455e-01,-5.492288106311995488e-01,-8.594966555548121390e-01,8.478453099690134165e-01,-1.036588579314562164e+00,2.703106748272112170e-01,-8.563130248771733122e-01,2.079741124402967323e+00,1.231731364513907634e+00,5.413701642067560854e-02,3.735855261438330910e+00,2.944097049304324365e+00,-1.358760240528417151e+00,-1.063010363226166266e+00,5.775321601134628668e-01,1.295276634996319842e+00,2.415398008480481029e-01,1.578866253973946476e-01,1.337174408256242564e-01,8.227719526064890543e-01,2.933344925872674480e+00,-9.172069171664684051e-01,8.295269304982398617e-02,-3.981670376985417259e-01,-3.358492099717369950e+00,2.524082575694931663e+00,1.190756194874253548e+00,-9.185107939502247243e-01,-1.763762859726073495e-01
-2.414410082667657331e+00,-1.397497967607300495e+00,-9.344080968202200799e-01,-6.664339585823398915e-01,-2.043586002023021764e-01,7.220132395835686667e-01,1.042459178686391041e+00,1.525803531641288791e+00,7.573362812522889342e+00,1.677310526732129770e+00,-2.958363769035359692e+00,3.802449127715297639e+00,1.923440643830324603e+01,1.950977963695081696e+00,-1.332571260056882645e+00,-1.204996469666686387e+00,9.043587114940626615e-01,-3.812429996365356843e-01,1.473590534744767533e-01,1.950930060319284731e-01,2.540262804627833937e+00,-2.475457829840122859e+00,1.277936975752141713e+00,1.754328449219321406e+00,1.448731326885484005e+00,1.160020148707931353e+00,5.723652833795029871e-01,-4.514650483041991791e+00,-2.574770617372845294e+00,-7.626054396307007099e-01
-2.557165731829914357e+00,-8.675228808102945777e-03,-8.522071507105631882e-01,-2.515585567915428644e+00,-7.686201972851909314e-01,9.375595513662421387e-01,1.201040733009091310e+00,3.459565865996563905e-01,7.838520800516020071e-01,-1.363750203719100051e+00,-7.677788892188143199e-01,7.463907412621180626e+00,1.864852291792529471e+01,-1.464562626169706228e+00,-2.230619698163193165e-01,2.693892778916868180e-01,1.667508182766283653e+00,7.111228268429352628e-01,-8.384350537713010088e-01,2.440943472782370893e-01,3.394046583710317866e-01,1.554458943413534966e+00,-1.859469469073678827e+00,-2.595703011572163987e+00,8.791521035157773278e-01,1.595684476994061185e-01,-1.234032482183056834e+00,-4.974782732982127698e+00,-1.825411390330925754e-01,7.571802789562236125e-02
-8.776854942325528208e-01,-1.051127548910376186e+00,1.458218564415319607e+00,1.753455248618156492e-01,3.035673513144571345e+00,6.004152290318804930e-01,2.088998342608451075e+00,1.619821143768976901e+00,1.728403058467721909e+00,-2.855919884134238806e+00,-4.970401486161234172e-02,2.141602551517769371e+01,4.841405006765066688e+00,1.007965020853410332e+00,5.409961109352773301e-01,-6.685783679059543738e-01,6.145460436399314830e-01,9.226070511532610263e-01,-2.299572913094022564e+00,-1.141041649157911037e-01,2.265053481028612037e+00,-1.948855500869577151e+00,2.869772277103295188e+00,4.780492632816584209e-01,8.594070541889707870e-01,2.137904955354175573e+00,1.421047981153735762e-01,-9.557034255031265246e+00,5.903399627485038659e-01,-2.319262011986732153e-01
4.407762289455632310e-01,-6.639426526344531510e-02,-6.358178693775643486e-01,1.107511912532936460e+00,5.122441222825304535e-02,-6.435645653973673941e-01,-1.320101205345822537e+00,1.717349812580419632e+00,-7.955270563647449666e-01,-6.574578154963066356e-02,2.238471354247224099e+00,7.385547292729233160e-01,-3.056158396396952970e-01,5.140701286605228182e-01,-3.662186704499081347e-01,4.718201308214744483e-01,1.703282307414349384e-01,2.040465621765853166e-01,4.285267098577898864e-02,-2.912355990006124662e-01,4.894092124556546075e+00,2.968745249130749109e+00,8.326313227800372641e-01,1.408590885856139785e+00,3.131428532487839922e-01,1.147600429413540013e+00,2.220879770121618468e-01,-4.628523181005339104e+00,-1.800956501107214613e+00,9.530123095300820912e-01
7.788288004006710397e-01,2.244989656803939027e-01,-1.397274136223678687e+00,6.008737291229186983e-01,3.423431726299208666e-01,1.686863316622285724e-01,-1.191833010788276193e+00,-2.068196095745750696e-01,-4.145003127427352441e-01,-2.660203507506667675e-01,-2.351885808284008283e-01,-2.663682506754586399e+00,1.301037026347887426e+00,-8.117808131863072374e-01,-1.415085158752359851e+00,1.914933996875720357e-01,-1.205448198910030050e-01,-1.604438594603872392e+00,3.950798705452924775e-01,8.910653574869573657e-01,4.983114914183009780e+00,5.198198889322308558e-01,9.123132111339231187e+00,-3.363769217423561164e-01,9.594075630599908644e-01,1.673061858716973882e+00,-2.109111353816574663e+00,-7.169451766540815285e+00,-2.868474997105173507e+00,-1.694349863354200680e+00
-1.763014930411264336e+00,1.592521862739476379e+00,-1.400856828432083256e+00,-1.776978534337344540e+00,-8.972344554617871504e-01,-8.796600911536033296e-01,-4.577969119296344536e-01,-9.089447818216202235e-02,7.555750405891112464e+00,-8.920956456638645671e-01,2.369373666769626130e+00,3.822325314840143484e+00,9.408270744430954124e+00,6.263892444001386561e-01,-8.792577552083778725e-02,9.002851235251414508e-01,9.582327867425762813e-01,6.793606635327364973e-01,2.165067264379216261e-01,5.857695520935233269e-01,1.754879024188208625e+00,-1.493444058399110430e+00,1.548047797044416196e+00,1.011601089189505087e+00,1.317395106785309800e+00,4.607587057753994575e-01,-5.301330646495078236e-01,-2.792002018530785445e+00,-7.194415517102145108e-01,6.312396963656974336e-02
-2.394316223119829612e+00,-4.143949863391596100e-01,4.952291862196406963e-02,-7.458590125808604032e-01,1.911980388545569953e+00,-1.296208303620280666e-01,1.474136958498293515e+00,1.186082271633268181e+00,3.931694424495953299e+00,9.373669748806228164e-01,1.893789974660544217e+00,1.968967348400392892e+00,1.625465864042952902e+01,3.719074321543047179e-01,-9.081880114483114053e-01,-4.792277012855446494e-01,1.544157784853438242e+00,1.681153830630406132e+00,-1.929532271464790893e+00,-2.222879234181136532e+00,1.405977594455441793e+00,5.011641740736220152e-01,7.852568576877716033e+00,2.643914016089651819e-02,-1.304388376243758918e+00,1.553370429737714664e+00,7.487262844720826704e-01,-6.604276973371521642e+00,-3.908585397320720745e-01,-1.277973853045225372e+00
5.266417323667172967e-01,-5.421604826645158859e-01,1.365724703048906363e+00,1.861978225472759041e+00,-1.560846554424323518e+00,1.305377582723327823e+00,1.656582954104219407e+00,8.401440728345874742e-01,3.194673480962925138e-01,-1.769721421089687885e+00,-1.822224746435392728e-01,9.523411105640310126e+00,9.150901378728085733e-01,-1.475855164985507395e+00,-1.916742925210580983e+00,-9.925227873487048047e-01,1.106298763976551580e+00,1.178496911102420386e+00,5.464018712072586936e-01,1.464880747800437755e+00,-1.356701226097642987e-01,3.315324936981089987e+00,2.465804602871263018e+00,-7.654038271952130490e-01,1.220269496017784228e+00,3.460096903522485445e-01,-9.575226236880264308e-01,-8.350943681234845428e+00,1.851524444313842055e-01,1.240527050361541983e+00
-9.991131779100477228e-01,6.970447626124336160e-02,-2.274281297537115165e+00,-2.591408513197240193e+00,-1.182066961914432612e+00,-2.319933911982351216e+00,3.678782647293201147e-01,-1.015950713766118785e+00,1.398412233093231150e+00,8.531608490318840499e-01,-2.760884188636090641e+00,7.150658027980596465e-01,5.057952858771294302e+00,-5.773936923472725719e-02,-2.584544527245802303e-01,-9.791519741874897820e-01,-1.318820953634286086e+00,-1.670999641618256648e+00,-1.829490308685564059e+00,-5.313953243746367683e-01,-1.145497078055755846e+00,6.107111758419276892e-01,8.364927203256288024e+00,-2.335099757180339797e+00,-6.578516431824443789e-01,-4.735154138029815662e+00,3.374948409799463533e+00,5.925722524042840167e-01,7.004829988338183711e-01,5.572093404088117596e-01
-8.150594041226177922e-01,1.038912749311378531e-01,1.304402218308810646e+00,1.262542765833629899e+00,-7.952042744189831815e-04,-4.325104030502887609e-01,4.832428735022769595e-01,1.727369661268071122e+00,3.730553022048002099e-01,-2.022768952295475486e+00,1.292158366208210563e+00,1.146673465040649553e+01,3.532547139488881882e+00,1.018039632180762544e+00,-1.768204705890412676e+00,-4.494802683272506871e-01,2.049038146121546333e+00,1.160825367770544458e+00,1.024273776575243128e-01,3.162025380289759657e-01,-4.181444102139363572e+00,-2.849626640444092640e+00,4.756405500947564313e+00,-6.984041002895328143e-01,-1.283704294424633963e+00,8.442559300874467043e-01,-2.777593524836811323e+00,-4.289266824799740974e+00,5.196584804119297463e-01,-1.423173691458528234e+00
1.095599179966511016e+00,9.620538863454043410e-01,1.021737028069279241e+00,-6.316034778986872045e-01,1.426116480453605728e+00,4.237542397851384868e-01,-8.138400765604800191e-02,1.847820518368768816e+00,3.010761862558699153e+00,-9.195032894717223293e-01,-1.460540657910410767e-01,-1.066400373132001755e+00,2.323826241791606684e+00,3.836358363636879765e-01,6.231974257588006605e-01,1.117254427195679911e+00,1.027834269716181304e+00,1.530540219157184856e+00,7.798670574857973214e-01,-2.239054094085370927e-01,1.463544801591821320e+00,-1.388529201025694881e+00,7.763762502157539380e+00,9.511078947525726246e-01,1.681857181459427197e+00,8.619945431091331767e-02,-1.608776449834676159e+00,-2.096258915934364531e+00,-6.083775263731829863e-01,-2.150877688091824003e-01
-9.990750595264912270e-01,-1.197756277100724631e+00,-5.626761449540867988e-01,3.473509873498106804e-01,1.040981874202799307e-01,1.773260459333414918e+00,3.621810924944379728e+00,3.321078620904355461e+00,1.188213149396474932e+00,-2.489520923576029166e+00,2.665979772121610525e-01,1.801643542979413937e+01,2.415411026992210441e+00,-9.321912367377496178e-01,5.487153311743319106e-01,-1.985720806789147419e+00,1.776032839899844840e-01,-4.905729401236277321e-01,-2.520889430162410183e-01,1.105914644498146304e-01,2.482973438038708736e+00,-4.969274371067893270e-01,7.100373254865255390e-02,-8.946466785168797342e-01,5.276856349341181307e-01,1.530909288584645589e+00,2.449756709972175373e-01,-3.595323913422853934e+01,2.148107790614124823e+00,5.295572808707104118e-01
5.485595499545095066e-01,-1.309710987617221711e+00,3.468586522990901866e+00,3.539111777041296647e-01,-2.547183619413717626e+00,-3.134403565666362690e-01,-3.555378844189945320e-01,4.603731196702424144e-01,2.631777902063742847e+00,-3.773189238430409986e-01,-2.644253860580876747e+00,-3.357325985071530461e+00,3.153251330302502708e+00,2.665081157038404314e+00,-9.233226615828026285e-01,-1.643715027871140100e+00,1.504089267775253091e+00,2.111324709242431208e+00,3.673169130056173626e-01,-1.904613356265044022e+00,-5.233147808922649080e-01,2.066406978473020573e+00,1.255614520695094960e+01,-1.325889476670055467e-01,-3.689110841895618109e-01,-9.734840114638726449e-01,6.131038739793451819e-01,3.198162566095463233e-01,-2.074741281019106598e+00,-1.434725885151770242e-01
1.354269901841096135e-01,8.501751173131729677e-01,-3.399076629638120850e-01,-4.469957277613917368e-01,1.836144792583930485e+00,9.251690312408029637e-01,-1.302759846349905937e+00,-1.924864275359610133e+00,2.595387733307035205e+00,-3.594568366642390544e-01,-2.251331610563783503e+00,-5.272090578092351265e+00,8.962323272825500897e-01,2.243386599982332807e+00,-1.895731780237627673e+00,-1.300951414540295170e+00,9.172796766272530711e-01,-2.248217763000769642e-01,-4.001024036301634723e-01,-3.122575016637690881e-01,-2.050392768406046340e-01,2.689544741703001840e+00,-1.427290586287170093e+00,-1.108430460388658556e+00,1.195235566860144649e+00,-1.456535080932988002e+00,1.520062312697407769e+00,-5.049748251124009712e+00,-3.044579693239357066e-01,-2.878784706914011560e-01
2.140159334873907304e-01,9.345270104940417433e-01,-8.655117868201585019e-01,1.111238453272845872e+00,1.958704000763899167e+00,2.011270677647444494e+00,2.620943913184380136e+00,1.737015283335444860e+00,2.638299989384073285e+00,4.589153123286441871e-01,-1.075599950751537026e+00,-8.566216642762691791e-02,2.259552808352662812e-01,2.261649038247093568e-01,2.427665744111469626e-01,-2.273539437177261924e+00,1.430797997354633422e+00,1.577028450272516258e+00,1.191182734050270753e+00,2.064942755117630035e+00,1.459085801946341743e+00,-1.880714913960272128e+00,6.252562734936341293e+00,-1.802123261447283742e+00,3.721525729276670691e-01,-1.812581010991733077e+00,1.919204240250881099e+00,-1.777569438939537605e+01,9.752254410661815864e-01,9.436405986458445971e-01
7.466489199410053512e-01,-1.300027518487046008e+00,8.358548970925328003e-01,4.373664163149614259e-01,1.202015093907464527e+00,2.897415835774779236e+00,1.029529432877172690e+00,9.460292831219736520e-01,4.620327384414728122e+00,-1.023517289747234216e+00,1.163240409188520452e+00,3.061508706002405322e+00,2.284409919251550125e+00,1.804824285999601985e+00,-1.241229089706270106e+00,-3.700395291010724064e-01,1.338508181219660420e+00,8.672107258068426638e-01,2.859966475200160230e-01,-1.273811492506163656e+00,1.710298530902574443e+00,-2.397501308259057495e+00,1.092690395290438321e+00,5.924211527792265508e-02,6.252362899902638160e-01,1.122080833271037692e+00,-4.055752554596024906e-01,-3.931796830100590334e+00,-9.048615393252730232e-01,1.110164025559580991e-01
2.304608436966429086e-01,-3.980981955266452710e-01,1.199137774419703595e+00,-7.369485708192682338e-01,-1.009404013335565287e+00,2.265427140797322103e+00,8.808883493307106960e-01,1.920659093747576263e+00,1.584488800363996752e-01,-1.026625952395563868e+00,-3.620304405653569924e-01,2.074781194724513611e+00,1.104968689791345549e+00,2.871100485495967081e-01,4.897201526518838999e-01,-1.270180482923601195e+00,6.331605169319385329e-01,4.636638072408320183e-02,-5.913417323195589992e-01,-1.702788766978569901e-01,2.640762853635754581e+00,-2.028459218069158965e+00,1.354764724908995355e+00,2.188855704892551213e+00,-2.473445647021582872e+00,-1.314049700097673190e+00,3.804004296595063783e-01,-2.585124378214630259e+00,2.239245014485129748e-01,-4.860005071683927147e-01
1.755819721312311010e+00,-2.337542082119284104e-01,3.179246968528286477e-01,2.391452628483551557e+00,1.555371585873580875e-01,-8.021811218546901490e-01,-5.053463785660751162e-01,2.831155986386259538e-01,5.339904749057268474e-02,9.670486380821429195e-01,-8.165692433543181306e-01,4.183896445364928773e+00,8.715396093067958816e+00,1.282505794671977339e+00,6.654700950387156810e-01,5.356582269751926084e-01,-9.926501150168602905e-01,1.483313270229255298e+00,-1.769408129894603166e+00,-1.169732354888515458e+00,5.054435085791952886e+00,4.382558882509456355e-01,6.433000512301078722e+00,1.283465732965280104e+00,-1.147548403561553382e-01,1.106789083612284452e+00,-1.432886489279574294e+00,-1.589581451985558669e+00,2.241528518370123013e+00,-9.753909303426051558e-01
-1.533502978194099642e+00,-2.424796773205859513e+00,4.629732737827157441e-01,9.222958590139344048e-01,6.741882220557150474e-01,2.886281123465254672e-01,2.279878447737757607e+00,3.278939507151999999e-01,1.381414880215816332e+01,-1.228387918852996783e-03,-8.425584200975030358e-01,-2.021460334487709343e+00,6.963902942276495978e+00,-2.035402872352897852e+00,-1.615274583861697089e+00,-2.021012412584440643e+00,-4.874060935766587055e-01,-2.249339773059213510e+00,4.563709525068956885e-01,2.009072143644505537e-01,2.244970858066638542e+00,-2.616636695505818899e+00,1.521311196082109873e+01,2.175879746932367631e+00,8.750631885713928693e-01,3.164389837207020606e-01,2.775627273357089031e+00,-1.118201171246254688e+01,1.012203766129503579e+00,1.171357676361251432e+00
-1.980299081689102514e-01,1.539842883009354457e+00,1.608824796625234699e+00,-1.053230224404876125e+00,7.695016134953784892e-01,1.112673412003089224e+00,-7.392286058701605933e-01,1.157043378597274463e+00,3.751781106715157410e+00,-2.988446566522281689e+00,-2.949128146998666322e-01,2.493568740102882231e+01,-6.814348338227593782e-01,8.628400736244206115e-01,1.601511347670685037e+00,-1.147639510625449555e+00,9.086636554268701094e-01,-3.295521751421165435e-01,-3.395667245817581392e+00,-2.438057289076821288e+00,1.827690684828567669e+00,-1.366016159336257418e-01,-2.945882291515485307e-01,-9.135786556412857085e-01,3.352959051546525071e+00,6.930259694708263973e-01,-6.472935923407585612e-03,-5.366403950194098549e-02,-4.257749160316449677e-01,1.080329858061755965e+00
6.198106443645197416e-02,-7.914843059101742684e-01,1.848616592660911495e+00,5.063487741901986361e-01,1.620740890521774391e+00,5.422691411313027565e-01,7.299908646416055635e-01,9.613244573607794552e-02,3.307359793023745276e+00,1.041800662647631048e+00,-8.691364337424869468e-01,-6.364019411852013253e-01,-6.610704364767349128e-01,6.145336335567938013e-01,7.512694403969442936e-02,-6.566765114362475009e-01,4.820567653909004213e-01,2.159647065172168590e-01,2.573600108499334294e+00,2.252076837229464168e+00,2.679220088185287452e+00,-1.459878914763564239e+00,-2.272608734961981902e+00,-6.382713913915988302e-01,1.874915495623290740e+00,1.622591879242448076e+00,-1.968382935651598498e+00,-3.785731789367369871e+00,-9.614296676302997585e-04,-4.305890947065886820e-01
-6.255279578685604136e-01,2.730050820888036966e-01,-1.422311767314957676e+00,-7.873918488057380927e-01,1.079045810418719054e+00,-5.255412934127222657e-01,5.690945479637536941e-01,-1.312802255788208639e+00,-1.400836758168939822e+00,6.265753046253209613e-01,4.016459179812309488e-01,-5.216149705902747291e-01,-6.194604831649990206e-01,1.710113226705853418e+00,-1.672259001633623843e+00,-1.041103129817223083e+00,-1.267693210457305542e+00,1.364728395890602297e-01,1.469344138569075309e+00,-1.619935254803438474e-01,-1.455164317942187147e+00,1.099229536615199398e-01,-1.589296081669712812e+00,-2.353223735063291258e-02,9.425460331173189932e-01,-4.525707929355294867e-01,2.350509701531081630e-01,-2.034973839881746738e+00,-2.393690227706700424e-01,1.448479520877190285e-01
-4.177753793155854489e-01,-2.451203752333981356e+00,-8.014229170635825961e-01,3.386197104824646437e-03,-7.615526862686405885e-01,1.314224076974864541e+00,7.882914928584824343e-01,1.106773247652575565e+00,1.636089186711157595e+01,5.715701703658345734e-01,1.196637628096989481e+00,1.569669833337610454e+00,-1.056908948105395041e-01,-1.854434929099211038e+00,-4.564566304048562340e-01,-6.478819380094258396e-01,1.057749600936954033e-02,1.965817838477710966e+00,-3.029152859965908107e+00,-1.916322090836413805e+00,3.024643950673002735e-01,1.670421842663952994e+00,9.698146529564082741e+00,-2.215525391419058021e+00,-6.415255314892116534e-01,-1.372114307136192313e+00,2.518017221004188677e+00,2.826531486117769276e-01,2.040793698791641686e-03,2.105675412984508998e+00
1.254749002630219101e-01,-1.367642289743615791e+00,1.588191395710656095e-01,9.825237935399782074e-01,-1.043046183528583803e+00,-5.145166109215153494e-01,-8.556502207788265757e-01,1.252564567952193286e+00,3.647163475668165677e+00,1.268955577292597559e+00,-1.085633560518816543e+00,2.862114488086489938e+00,-2.212974173334494310e+00,-1.266607024406516402e+00,5.657754095173144204e-01,5.639656540142455876e-01,5.274239264117154269e-01,-2.428297285964083063e-02,5.068055292470614592e-01,1.047106464475414889e+00,3.166553453192408885e+00,-1.944443222291862838e-01,-6.356418277124893379e-01,1.800390515579390449e+00,-1.746206160931930707e-01,-4.474103879540439754e-01,-1.271441543073889680e+00,-2.208450230162711136e+00,-6.890259744820501631e-01,-6.270486463353747153e-01
3.553818985812780551e-01,-3.169232026837637273e-01,1.419026613393419067e+00,2.265426402845026888e-01,8.556197245175930499e-01,8.544995030399378869e-03,1.720720604676009957e+00,2.532142645170032846e+00,2.058396494131601528e+00,1.273432628872983308e-01,-1.498369565697501127e+00,-3.388556401900033599e+00,1.216206625183367862e+00,1.708503095783927561e-01,-2.421414965178200873e+00,-6.517506008253542982e-01,5.699287121399919664e-01,1.424945559061324474e+00,1.283174525026599788e+00,1.728359880873658438e+00,4.801509872254049682e+00,2.058870229910183092e+00,7.897556162906386845e+00,2.420015974981496232e+00,-7.745728063952967979e-01,-4.911002932418061517e-01,-1.066666530482889064e+00,-7.293638890485501847e+00,1.357070006905339410e+00,2.439287799438098148e+00
1.783743538216598479e+00,-7.023047347221268444e-01,2.063809290296825527e-01,-2.329788598978652203e+00,1.009145678436748073e+00,8.031966960923837551e-01,-1.532771007281465758e+00,1.226087273467189043e+00,-1.674206187813491731e+00,-1.758082894842287525e+00,8.391991228584241291e-01,9.762837189495281009e+00,1.037751240010852705e+01,1.820289488590532523e+00,-2.422448892498981543e+00,-1.073616789109214986e+00,5.521785885113311698e-01,-4.723598136855533536e-01,2.041855864993757486e+00,5.306340464497572018e-01,4.337849118824502526e+00,-5.674603734908671981e-01,2.125311430676364854e-01,-2.368720336304210305e-01,-6.510623615728945435e-01,-1.117847593512705240e-01,-1.235999176442198755e-01,-6.897585441564378250e+00,8.391227981473069475e-01,2.771774004112835144e+00
2.205180829314166591e+00,8.477508730924432356e-01,-6.801476666330329435e-01,-1.072546329973649071e+00,-7.166139419163494173e-01,-7.333931083949432050e-01,-1.687550932474353615e+00,-6.453804375404651461e-01,2.800888721588983721e+00,-8.859747958275003832e-01,8.130093440024034335e-01,1.530288160981921441e+00,1.427755734731410264e+01,1.271351888384144278e-02,1.682383925198635222e+00,2.131127394019601606e+00,-3.063556437290996914e+00,-1.996192956584160738e+00,8.699724631859633295e-01,2.458575336191111127e+00,-5.121803056438443136e-01,2.613386427403294743e+00,1.048279430315567495e+01,-1.123808614118557037e+00,-1.813834780315511708e+00,-7.683940990982637276e-01,8.833910375359120826e-01,-5.950077920358227246e+00,2.374215558633413714e+00,2.045891062028433627e+00
1.098803263979338585e+00,1.165981544592530783e+00,-7.137377449743350644e-01,-1.627481923035320133e+00,-7.560596993841255109e-02,-8.606282317866648102e-01,5.473231475982051064e-01,3.323923843056201921e+00,3.811194600726345527e+00,1.592980568766617200e+00,-1.396802543646266548e+00,7.036226119016447456e+00,2.347746897815414791e+00,-2.517553335150795601e-01,-1.192079659586266382e+00,-4.508361246908118569e-01,1.992932895835184182e+00,-9.505945246696070883e-02,2.268534832307981475e+00,6.018618027722496544e-01,2.505477258183217426e-01,3.312892603393978064e+00,8.514321958590924666e-01,-8.967527328954068011e-01,-8.908500974069578637e-01,1.781244347634270420e-01,-2.158472792013817365e+00,-2.562436019853554736e+00,9.690062774206104068e-01,9.794069783805509077e-01
1.227626686694428315e+00,2.316040450694414332e+00,4.257158090718291543e-01,1.008243438040372419e+00,-1.181101497587965010e+00,-6.228379737468101585e-01,-1.065847631643622506e+00,1.819564599459062348e+00,1.488349059239068950e+01,-1.239970030055538963e+00,1.964489945774813728e+00,5.148229565872462388e+00,5.453372171167653271e+00,1.762536469612984602e+00,-1.466070523350799515e-01,-1.275308072833616357e-01,1.652556323572041741e+00,-5.334449869374878750e-01,-3.490879207211783908e-01,4.684170540070884958e-01,-2.308717243617258053e+00,-3.012651433283436209e+00,1.398977200296295020e+00,-7.478539711377524268e-01,-7.158485388924794579e-01,-2.087196723398932752e-01,1.825062113508730377e+00,-8.562323137179852495e-01,-1.620545309400759804e+00,-2.888404263314365394e+00
-1.188966818984515061e+00,-1.008329390013477100e+00,1.930886430957789557e+00,3.920350723301492923e+00,1.212577846652040048e+00,2.039334208342145072e+00,2.149016983022660476e-01,1.359356814102672617e+00,3.165528930205701474e+00,-9.104097738169459886e-01,-1.252135581161012423e+00,4.840626005071868576e+00,4.532438631775542959e+00,7.780921834271876669e-01,4.221473073096304596e-01,-4.057292505157766849e-01,1.077085565654459565e+00,-1.616543055091383740e+00,-6.875991909220348364e-02,-8.823419510538893507e-01,-2.826451748230893735e-01,2.009737248754528860e+00,6.195089939877508556e+00,1.383156138918893330e+00,3.505761060563276632e-01,3.640257930818523446e-01,-1.550102975151073537e+00,-8.098982901469955475e-01,-6.434411594762172726e-01,-1.599592805704370457e+00
-1.338362074542134739e+00,3.055241194242465652e-01,-1.157418360812341313e-01,-4.713830947747839617e-01,-1.264846050261277721e+00,-4.118284807814650006e-01,-1.469905857658029280e+00,-2.082270153702680537e-01,-5.513739600387262962e-01,-1.637064148905131189e+00,-1.528694536420643235e+00,5.659914713786887930e+00,4.843421960012946670e+00,-1.490791084579928150e+00,3.846271029761121341e-01,-1.686462132839729566e+00,-1.769598193996192670e+00,4.152865874659357748e-01,1.063743552750609611e+00,1.763047645887673709e-01,1.483891563460668639e+00,9.913836421296329249e-01,-6.723316778262562465e-01,-3.340988052980405354e-01,-3.478590943205543962e-01,2.739257198834605944e-01,7.075268078120292570e-01,-4.526934296384395040e+00,-4.036131676179266492e+00,-7.842764460684361616e-01
-5.749879882108629436e-01,1.248023201661757842e+00,9.260014040062929386e-01,-1.230621588495065845e-02,1.527943179210250468e+00,1.089806587358870260e+00,7.043644056270431664e-01,2.933725082244988819e-02,4.162477285572732555e+00,-5.038066695202549905e-01,-2.270264502166918330e+00,-5.343246459117016123e+00,3.272943271285096989e-01,9.821693415880441980e-02,1.552317270577944663e+00,8.027623415181097677e-01,1.891010042051288753e-01,2.863969219220652840e-01,-2.805742663042121721e-01,-1.927129630535674876e+00,7.904021214450853705e-01,1.513467522865642234e+00,5.807519083791941039e-01,1.223045157966905272e+00,1.245837339309315395e+00,-4.240994532006882034e-01,3.836603307280551656e-01,5.230135685846395432e-01,1.188579410073194342e+00,8.180336079149265194e-01
7.512249965952257913e-01,4.962846442196092167e-01,-5.337609200811669341e-01,-1.729448265873903212e+00,1.324767904027954746e+00,1.279901340192225012e+00,-1.687559655275480575e+00,1.346056235889904196e+00,1.082169119149239966e-01,-1.349188063970561569e+00,9.126830615498371380e-01,5.662863701226991786e+00,7.753154513649966884e-01,1.277496753771246496e+00,-1.280369204466339506e-01,-1.353470305547679553e+00,1.582138446519980590e+00,7.641631705832587773e-01,-6.057220785548110831e-01,-3.542503996445736658e-02,-1.678065851425901034e+00,-3.678557544352307751e-01,5.901834836132426876e-01,-6.659492456622854162e-01,9.444997276955968690e-01,-8.493930812961757448e-01,-5.457944008496061761e-01,-7.398538633829033984e+00,-1.329408497494992680e+00,-3.894572064788727993e-03
-2.759332711257551196e+00,-9.303343981446200450e-01,3.141800160003125342e-01,-5.711442523495356971e-01,-6.058676689097095558e-01,2.252351593075482047e-03,1.224509990625672673e+00,-1.767038247906526638e-01,2.793626811374601004e+00,7.316759920289896968e-01,-9.925909933578754840e-01,-2.484913618009305658e+00,2.194500082305011901e+01,-3.249806477612013356e-01,-1.754089932905902760e+00,-1.967091632150792080e+00,1.218208891556912699e+00,-3.578536913987584445e-01,2.935285540482671873e+00,1.504011814951982551e+00,2.330651450901021882e+00,-2.161552775526976777e+00,1.150864131662096002e-01,-1.498793888097222082e-01,-3.299018435608431776e-01,2.339489118082739849e-01,1.581495275539821499e+00,-4.602319446277867598e+00,1.392055169877073027e-02,-4.372898170779906390e-01
1.149929920773717251e+00,-6.523711473607708422e-01,9.933623826695152648e-01,-8.348177857372190980e-01,1.299836143661163845e-01,1.722794042785768420e+00,-9.882416655532695327e-01,-1.128193843798169116e+00,1.172732166188776182e+00,4.599464276722676770e-01,1.968299251914469084e+00,-2.649599007125947869e-01,3.184576123225586919e+00,-2.024852088725038080e+00,-3.164664725227412934e+00,-2.182709026835669697e+00,1.933498165932988844e+00,1.155993412732643888e+00,1.210375109880311939e+00,-1.386427417709425791e+00,-1.277561719280114305e+00,-5.645910723413004595e-01,5.324881990873052473e+00,6.242372152758306481e-01,4.059454471512730644e-01,2.156873761441705298e-02,-5.489144708185542676e-01,-1.642924363612810357e+00,1.297342859148963856e-01,1.739123373766525926e+00
-1.747433710295563047e+00,1.917814074705549987e-01,1.598278845380571189e+00,3.139811991110430967e+00,-1.775014423279742681e+00,9.423300636843522371e-01,-2.834754887623537556e+00,-7.308324724277928119e-01,-4.130883430522517052e+00,-3.408695055601876689e+00,-2.460044693083928424e-01,3.797304736104610612e+01,1.022793475861766055e+01,-5.101175490987165384e-01,-3.659294344126529097e-02,1.484240825796399710e+00,6.417072776324317385e-01,6.204080713793221902e-01,-1.403984547081813805e-01,3.404510618790734106e-02,2.169140092928893093e+00,-1.541801898850767349e+00,5.835884872448188210e-01,2.440310309506386943e+00,-3.056185876291515058e+00,-3.477084709993865097e+00,2.172811114257320320e+00,-2.171593628929731423e+01,9.783167647707524672e-01,4.809509983017866142e-01
-7.713333189320205063e-01,-6.549196538836214998e-01,-4.605870075137948327e-01,-3.787278758379168941e-01,-9.160402089135843973e-02,1.256302456286596536e+00,6.256316761877865895e-01,-9.374909095202994536e-01,1.360499939156801785e+00,2.259190276944309073e+00,-1.383046927505084733e+00,1.343292467538240942e+01,-4.048500118881914744e-01,-1.469812106150321540e+00,2.692548747611986037e+00,-2.075778019389991513e+00,-7.469590638505045899e-01,-3.031469639716381503e-01,2.625250276451195353e-01,1.246048330804174986e+00,5.469232201741957233e+00,5.095287640245365068e+00,1.211828363172796630e+00,1.944785069076493622e+00,-9.227806602174591921e-01,-2.175346009895715138e+00,-2.038970432430268209e-01,2.457491035041103888e-01,2.486753635718115252e+00,1.737387531168759658e+00
7.328811828749924873e-01,1.697974171070132654e-01,-1.483671388856280915e+00,-6.619877966165045313e-01,-5.315214998106212313e-02,-4.576605041457427192e-01,6.149746370694390007e-01,-4.506167670304581097e-01,-2.660112601770189045e+00,-1.837546117103548149e-01,1.128635734281239478e-01,-2.962052801397676127e+00,-5.016649222269400354e-01,-3.372038235289781305e+00,-2.078915241095319111e+00,-2.180921723208455010e+00,7.546760494343317527e-01,1.618240910729910498e+00,-9.631781360274564718e-02,4.668434025335306825e-01,1.704302467380052422e+00,-7.411677657499311511e-01,7.209226784153656808e+00,-3.998933187164244729e-01,-5.298699558070980586e-01,5.126665347024171870e-01,2.058773014764709863e+00,1.370669381110208640e+00,-1.354460026839125197e-01,3.427827076014151597e-01
2.529597023799150524e+00,-9.248603104962502819e-01,2.910852595184573732e-01,-2.351038200401851075e+00,-1.702547347808724132e-01,-2.791572631686484174e-01,8.101776001829805729e-01,1.831803580036696966e+00,1.405957008447274781e+00,-1.470521099079441063e+00,-1.030949325745639911e+00,9.776566008876821812e+00,1.782552870280539636e+01,6.160674191454366122e-01,-3.935356156687354057e-01,1.100220642594169074e-01,-1.621003689503305090e+00,-6.885921514626767159e-01,6.533960326546311981e-01,1.946908557020429420e+00,-2.793554174098506593e+00,-7.833693635375032827e+00,8.912649873608162743e-01,9.845131212570508161e-01,1.170130294392884185e+00,-3.283191132268543089e-01,9.920017575035666724e-01,-2.028054843368705118e-01,-1.648022993283400517e+00,-5.008205376422328214e+00
-6.526352743194424599e-01,2.344345449452682750e+00,-9.835127247014368024e-01,7.508223325262625147e-01,-1.586272430110256204e+00,-2.344787933151605830e-01,1.654903578671785613e+00,3.097154516265459456e+00,1.401183697119758520e+01,1.214552809410840567e-01,1.370468008806808302e-01,-1.478092125009221158e+00,2.378749358470497732e+00,7.159086307954011519e-02,2.002522358226849875e+00,7.498983712478751729e-01,-7.660582329029979043e-01,-2.261057090878427989e+00,-1.617218709197376425e+00,-3.162920623179798163e+00,1.989223825501910126e+00,-1.009116927391570995e+00,1.657339579739764446e+01,3.008157617985284804e-01,-4.299692061892760875e-01,-2.004387101545196115e-01,1.096360260857064617e+00,-6.475374229178870067e+00,4.728173983339736264e-01,1.019192399353121337e+00
1.315780762251562153e-01,-6.404418509707002771e-01,5.404995902948618314e-01,1.330587977991397164e+00,4.619187881721370514e-01,9.966852587236012528e-01,-3.007282639519931244e+00,5.300371586699375026e-01,-2.560308955296497935e+00,-2.886481307112995776e+00,6.548366551429457560e-01,2.418045822989629556e+01,-1.042829765365048678e+00,-6.794174976444841141e-01,4.332971082315888178e-03,-9.516638638667905825e-01,-1.081862267657779819e+00,-1.643939699900251739e-01,-2.112911036701139000e+00,-7.962357078746098438e-01,9.251839949553848363e-01,9.122288207996239739e-01,-5.137546295217995662e-03,5.653636205885318455e-01,-1.722357421879743722e+00,-1.406159724454380533e-01,3.581800478571631974e+00,-2.346801863303750935e+01,6.050653674405760407e-01,-3.221065863374521498e-01
-2.093279423842553388e+00,1.568487274484877680e-01,-2.781653606765736586e-01,-1.790540259372324305e+00,4.039817594018042524e-01,2.437333147565508451e+00,-1.592434939521142345e+00,-2.792810482425326923e-01,1.137887649222646957e-01,8.228154045599743449e-02,1.064363691500148423e+00,2.350954645729378956e-01,1.103828396321353544e+01,-5.874592998096828111e-02,-2.993501898068554379e+00,-4.297546982567740592e+00,1.007806646086877728e-01,-7.206723683524657309e-01,-1.451497255628686256e+00,-1.520822443339410857e+00,1.393487399680539696e+00,1.376879703499359064e-01,1.048482519416106484e+00,1.953794437323633504e-01,8.933626171444106756e-01,5.918529772994480798e-01,-5.983966836313797666e-02,-6.045780385442502514e+00,-2.195172085094124981e+00,-1.608305413376406867e-01
-6.738752217089007956e-01,-1.934221971766217907e+00,1.140562175169736792e+00,2.188750345963985933e-01,1.513802698120327375e-02,-1.443167877735130222e+00,4.993726115390066944e-01,5.973225137900241011e-01,1.100629485508018846e+01,3.797825921811062710e-02,3.179526050086429745e+00,-1.558201133642825198e+00,5.738971715017903819e+00,1.067464841301197565e+00,1.686385698625347596e+00,4.876626578631019782e-01,1.198208395796126702e+00,3.236474746644548151e-01,-1.196735745896095882e+00,-2.845084940348616698e+00,4.762103086534322571e+00,1.584027066304548148e+00,-8.325367706534996248e-01,-2.291672126431639089e+00,3.752038076672523648e-01,-2.198850439793011535e+00,-5.145161130312729814e-01,-1.512559455457672453e+00,8.779555434501508104e-01,1.264191580643182045e+00
-3.866164694017089065e-01,5.264152370900568867e-01,2.533998210787994365e-01,4.241209608620626903e-01,3.901016894412979163e-01,8.721694905568436740e-01,-7.965907304298379676e-01,-8.955626930635739447e-01,3.683435594665164903e+00,8.075699493514114646e-01,-1.544675367975354208e+00,-2.390406827578362758e+00,-1.073377896675038468e+00,-1.624382408903784158e+00,5.327576455882500062e-01,7.623669952491027857e-01,8.541046096132036691e-01,9.404192846289728402e-01,2.878091779068637557e+00,1.877737433843810644e+00,1.707187540079400989e+00,-2.304700712218101799e+00,2.657885314051764869e+00,-1.442973548990511778e+00,-4.219469371837558103e-01,3.280579349514663789e+00,5.067482598700306928e-01,-1.193038578428214702e+00,1.811481228684993505e+00,1.289291869721421513e+00
-2.372185383200761111e-01,1.003738695873208187e+00,6.284533958491261840e-01,7.250833903847637707e-01,2.955611951981983454e-01,3.852862197891236407e-01,5.818501738351952168e-01,3.019456207390970981e+00,4.250795528053679995e+00,6.182771965294713290e-01,-2.250638773853387065e+00,-3.748781090603543920e+00,2.568442213130870400e+00,4.720055804430707824e-01,-2.199288134640969616e+00,-2.350310692395674028e+00,-2.069654475723071638e-02,-8.115808279754178622e-01,-1.259288301988173257e-02,7.083262306850193258e-05,6.819440524881423826e-01,1.710741454261098138e+00,-6.776463843567048784e-02,-1.075380183192881228e-01,-1.692157750380672843e-01,-3.481142849065910760e-01,1.724864044747705716e+00,-1.022527510658173933e+00,-9.304885575693252336e-03,-1.980004067679462132e+00
-1.075004676933879466e+00,4.217942133170566876e+00,-1.831789969445168920e-01,-4.878987155910008977e-01,5.522267858725994627e-02,1.955802656915674342e+00,2.592266598881615813e+00,8.256749076568932200e-01,4.846780240702244669e+01,-2.313136650166889297e+00,1.333608986449904554e+00,1.423529700177572543e+01,2.588210703649176825e+00,1.694252826170091542e+00,-2.076255230709270538e+00,-1.220209973198657094e+00,5.506214111566681835e-01,5.236188277680773329e-01,-3.439664433019857803e-01,-2.048877266427238553e+00,-8.762995582173389586e-01,2.333169387668767580e-01,1.143395408924691381e+00,2.317913617063712461e+00,-2.927941087619375438e+00,-2.912783190561545887e-01,-6.428638459191423626e-01,-2.067876527257974928e+01,-2.776921526726627287e-01,-2.013260629578247585e+00
2.291029397188006911e+00,1.452739989204652193e+00,7.490781492668255881e-01,-1.082311180943394957e+00,-6.744093534233155385e-01,-1.096569273394744082e+00,-1.631781418207287837e+00,-1.106077808577619059e+00,6.899115396466542371e+00,-6.072448574360061330e-02,-2.167861685048947662e-01,-2.002662570203970205e-01,1.291367745199007366e+01,5.791854802742366637e-01,1.234065787333798792e+00,1.562163121712425440e+00,-1.647255454304814126e+00,-3.317943851493581953e+00,-9.568450214262391729e-01,-1.146803528726914490e+00,-2.554766285859187747e+00,-4.281130196050095371e+00,3.325527103412052554e+01,-2.495332432354332997e-01,7.420862227405025102e-01,7.850576641660159671e-01,-2.696431104786531030e+00,-7.606576050641936426e+00,2.205011232680714084e+00,-2.898699377506835928e-01
3.205105068684220848e-01,-1.927681587286413034e+00,2.666581876647116101e+00,2.696591849581398748e+00,-1.755385105509961630e+00,-3.299004600674974697e+00,1.815788910932210953e+00,5.263121328222571949e-01,1.056275841510799118e+01,4.236896516386581268e-01,3.600085647317787241e-01,2.059236929096071922e+00,2.274927575020341486e+00,1.333046720655001627e+00,4.710684869342605663e-01,-5.472169327425590035e-01,7.204431385169535185e-01,-1.508486337755952922e-01,-1.503718250851014959e+00,-1.995736230976523196e+00,3.466725296417118685e+00,-2.733087805693284800e+00,-4.531548871122669797e-01,-2.918516316931137888e-01,8.549125309001774919e-01,-2.368102765794676823e-01,-1.513580084114168889e-02,-9.419752051962555939e+00,9.509132637917092623e-01,1.971375409674061441e+00
2.505198051248777258e+00,7.658474701111058769e-01,-1.159205208065540837e+00,-2.070788533028748546e+00,1.987968191358027381e+00,-3.676294962315849735e-01,9.297136060488058185e-01,5.974095927053947319e-01,-6.439752029812328971e-01,-8.720375750368698498e-01,-5.942226112438950825e-01,2.520464687459826436e+00,1.918502432961891202e+01,3.253965522329532067e+00,8.817444954357471776e-01,6.991933351735420965e-01,-6.868709622048341235e-01,1.944152415700810266e-01,-2.134996894032354930e+00,-1.152687552351638667e+00,1.338886606885625330e+00,7.144058936956404482e-01,2.786102951032631281e-01,-6.204452330644455449e-01,-3.275674738721396501e-02,1.090115381349140655e+00,-1.770550300079424266e+00,-3.667951167416268365e+00,-2.055733983308980939e+00,1.320490775202552980e+00
1.276712616529142030e+00,3.520099319366655766e-01,-2.445034276719190380e+00,-7.715848582794571087e-01,2.376965497467161681e-01,-2.019483938963605674e+00,-1.035605412871115183e+00,-1.321790027690718627e+00,-1.933874579228384905e+00,3.768634533551333821e-01,-3.672337689395770988e-01,-1.242080494332104434e+00,4.008356785066878203e+00,1.764043424984058861e+00,6.489036338897316014e-01,-1.566176721936795024e+00,-2.572082780881758679e-01,2.115462888892689186e+00,-7.982841221164252987e-01,5.412970978758561147e-01,3.513817213864395050e+00,-2.882505586577785106e+00,1.483803318365899315e+01,1.406407165155123318e+00,2.763776692013458991e+00,2.271983697088157061e+00,5.616407147784491238e-01,-4.089717701253947624e+00,1.694470247190385526e-01,7.442579798143336145e-01
-3.241902031266631568e+00,-2.754559072288695010e+00,2.093349933793224871e+00,3.881782464214086903e-01,8.797291678961788319e-01,1.070205554759201122e-01,6.433511337410646735e-01,-1.293625847263030870e+00,2.189572907456117079e+01,1.256520889027582966e+00,-2.279255908305251932e+00,2.224613172631399127e+00,3.107802249025212404e+01,2.568739694115004912e+00,5.206916992569661229e-01,1.103424459914057021e+00,-3.930933706343657241e-01,9.037951077260765187e-01,7.988100872792596174e-01,-3.074553986890949386e-01,5.321943456297271169e-01,2.212332568072667982e+00,3.920384385671127347e+00,-7.223179985728068742e-01,-1.827666571336710455e-01,-3.282858245339727699e+00,-2.647891645803387650e+00,-1.159421803012693486e+00,-4.154165160643675136e+00,-1.992055822456859193e+00
-2.091628662676581207e+00,4.840571674547657355e-01,-2.198475461416495413e+00,-1.166729747827522035e+00,6.462745179493383230e-01,1.043248150045746447e+00,4.469709133585314520e-01,1.017586895945689518e+00,-1.163298028422788732e+00,-9.073170322925119269e-01,-1.580324617612339555e+00,8.483230102137501172e-01,9.121879304803453437e+00,9.980400573734912184e-01,-1.071017544444328451e-01,-6.732254664927231347e-02,-6.857972722967983215e-01,1.349313972914266246e+00,8.012736403492594084e-01,2.124308835677375829e+00,2.882353404375845418e+00,-3.176934874976090395e+00,7.366306126743302762e+00,1.565399445167295900e+00,-1.992822273469227135e+00,5.059636995261947989e-01,6.534440354120183425e-01,1.220601256786909783e+00,-3.182684689598778149e+00,-3.052601312873636896e+00
6.131475424145210740e-01,-8.428342328479799805e-01,1.661093868995058509e+00,7.999335602420790670e-01,5.108699404316657811e-01,1.644600589935121038e+00,6.192891835546405765e-01,8.494052400818659088e-01,-1.413338585946171122e-01,-4.990515430757194171e-01,1.618456874372175003e+00,-1.301583288752915513e+00,7.028578894918735553e-01,-6.888781321652682754e-01,1.810394569185961589e-01,-6.606559933321565214e-01,-1.099773156547127817e+00,-1.207696637854712041e+00,-1.107022082310490374e+00,-1.749217226476310838e+00,5.447875332231217893e-01,3.129301178680201190e+00,5.762211934759870147e+00,6.616334042031052354e-02,-1.403689575865170847e+00,-1.900602705862694530e-01,-1.246480322127947238e+00,2.501767577807241238e-01,1.656522001116104592e+00,-7.340453533912922879e-01
-3.322442502783461427e-01,-1.235732879839450682e+00,-1.002910984907557257e+00,6.293579713299408684e-01,1.872612928445818392e+00,-1.646197730541241189e+00,-2.064444314081276488e+00,-3.187023768585037775e+00,3.268416358114973441e+00,-8.411282175295536900e-01,-3.587269790518256229e+00,-8.390821254218031600e-01,-5.555932125755325135e-01,1.283729568673092347e-01,1.014354570825737462e-01,5.502576139552342038e-01,1.198146414019102046e+00,-3.412975142871139123e-01,7.006008062719325524e-01,-4.952248674298231901e-01,2.537333536949775148e+00,-1.614170473730580202e+00,1.626018793357465464e+00,2.213542549982559088e-02,-1.407879411477489073e+00,-1.680001783968169959e-01,8.033156714308544721e-01,-1.196068124190400894e+01,1.903041604385218077e+00,2.532171383836323564e+00
1.747211298865557483e+00,1.246604635110949655e+00,-1.010979413781110114e+00,2.916236708755305940e-01,-6.590362735933456007e-01,-1.685251428352351422e+00,2.491202387141711494e+00,6.033707372394442325e-01,5.753217431125728254e+00,8.681098456159268562e-01,4.984659615334694038e+00,2.183297228306450677e+00,7.295629698081230963e+00,-1.102186778392928224e+00,2.788646006184252735e-01,-5.810363706085610591e-01,2.339504503020235937e+00,2.385388624814540837e+00,1.772168765591126405e-01,1.716255873460147408e+00,-9.533632824285896978e-01,2.325223438917510155e+00,1.512035811638806493e+01,-2.480412521190855202e+00,1.120047643789272351e+00,1.649128870851864770e+00,-1.328424863495321961e+00,-2.089694909316538585e+01,1.542211344660421091e+00,4.229102405366532147e-01
-1.193445867600884336e+00,-1.317692112619284650e+00,-1.113016187695135439e+00,-1.022178596868415834e+00,-9.140029392586765389e-02,-3.421945753731320261e-01,7.481143741254413504e-01,4.860496935111612848e-01,5.297807745921129907e+00,-3.097008047640344985e-01,-8.707633333388666852e-01,-3.720321932555670230e-03,4.703405702718542081e+00,-6.059214011947736678e-01,-7.246980845259013426e-01,-2.229990530959937267e+00,2.691531018799644404e-01,1.166567430153695462e+00,1.567212442994277088e+00,3.311508187613507737e+00,3.526709596102112876e+00,-1.796712910359817394e+00,4.439861148329697471e+00,-6.422178831139230271e-01,-2.984256444653292206e+00,-1.049127336295750057e+00,1.592859133576973729e+00,7.197584857299874628e-01,8.585511401054690683e-01,5.449665969951834887e-02
-1.518602044869201473e+00,-1.177143275716845405e+00,1.639920452715086352e+00,-7.898603611232702937e-01,3.868234352804893472e-01,-2.051062023505967336e+00,6.966959766546614030e-02,-3.799765240347151296e-02,4.280511491740935703e+00,1.308773190024381528e+00,1.886781046784995752e-01,1.621679740284949212e+00,7.411418749619912205e+00,6.295336919034207890e-01,1.761663025834635299e+00,1.969846683123850362e-01,-3.608415503818751535e-01,2.187300652818316760e+00,-1.016466096965445709e-01,1.148875322449747216e-01,1.606226163219423908e+00,-2.758151060724426173e+00,1.206381787653444526e+01,-1.914824925387580645e+00,-2.618725138385948406e-02,-1.310595361339250475e+00,-2.232586700161346194e+00,-7.797840542299898647e-01,-1.777011121634401114e+00,-1.044131145764719132e-01
3.241988588182893594e-01,6.793792978733234067e-01,1.343064414989384669e+00,5.633387738596360578e-02,-8.365768381141901466e-01,-2.003469798184494000e+00,-1.275031249722018867e+00,-5.431092615150763248e-01,1.708735351530300095e+00,5.589713677374030798e-01,-1.950127844305191482e+00,-2.217885513796067798e+00,-2.782532185838622052e+00,-3.996866078885412121e-01,-1.218519876085078169e+00,-7.542588991640849505e-01,-4.825872192302566033e-01,-1.675074314661758379e+00,-1.716606074260460663e-02,-1.285321188803761228e+00,1.025423808233235423e+00,2.996515883515876943e+00,8.300077443868786986e+00,9.523601104002211715e-01,-1.910095025812532210e+00,-1.473667293685753110e+00,-1.417086623873569984e+00,-4.970871551448146519e+00,2.114764313530228090e+00,1.327895711968784864e+00
1.674194423145096478e+00,2.181364376512090128e-02,-1.071210791289525455e+00,-8.174982068534936142e-01,-6.491136071444587596e-01,-2.027936265731162258e-01,2.768752785563126650e-01,-3.579312431932797356e-01,5.825980355028554936e-01,1.619524446255829586e+00,1.020539451791878882e+00,8.250907006437106617e+00,7.861552513995804681e+00,-1.622293497907715043e+00,4.963082321646199169e-02,-5.020929231825023153e-01,3.493695171411771438e-01,-6.599598311152403696e-01,1.077011232679336405e+00,1.651995316049992946e+00,1.249737345646340314e+00,-1.380546485929598166e+00,1.841887220506688294e+00,-1.071442178464759420e+00,-1.030325122431109408e+00,-2.470258807710289106e-01,-3.515046042129954529e-02,9.798545011550254813e-01,1.120367210059695084e+00,-7.185588445823057890e-01
-1.956826985920556483e+00,-6.705450479931414076e-01,1.697143492677257726e+00,-1.146008677471705095e+00,-2.757511711223568973e+00,-1.284523737163719703e+00,-6.986001876434005942e-01,-1.425578828985227808e+00,2.346367762373698262e+00,-9.898059483178295315e-01,-2.365077218080970489e+00,9.401861444333444728e-01,1.151509881584489037e+01,1.193485635714854748e-02,-1.175903224828728222e-01,1.449552155268005960e+00,7.831023957492377896e-01,-8.722799842863103725e-01,-3.863368342796014154e-02,-9.050837362177182044e-01,2.249136761286765651e+00,-2.492334678231645562e+00,1.575214846519648049e-01,-5.511623346717030580e-01,1.496091565099021969e-01,-1.528373150555084381e+00,1.036961225470115933e+00,-6.488857437547842499e-01,2.372859271076833421e-01,9.252425534300633414e-01
-3.246395986475734130e-01,-2.550850324764923349e-01,8.875857318272255270e-02,-1.161841922037576635e+00,4.004026151786088117e-01,5.885121439001080867e-01,-7.386067804468847697e-01,-2.098533641809078087e+00,2.329250069751156893e+00,3.952482443765934494e-01,-6.502347525469128753e-01,-1.443491110586038850e+00,-6.458162856954559050e-01,3.636802001260575623e-01,1.001718576216734435e+00,3.415197424729342845e+00,4.061708285220504977e-01,8.356234545989068563e-01,-1.602157139612685244e+00,-1.611120706700418515e+00,3.075751680232319707e+00,-2.940563078328278124e+00,1.621793043292728775e+00,-2.015300335719694136e-02,1.075717643627412290e+00,-7.146182223160442160e-01,-7.215972253656666169e-03,-7.208453888590184988e-01,-2.568544263905194747e-01,-1.796813942277716292e+00
-1.247203566820504622e-01,-1.530347456057154387e+00,-1.282969061331267646e+00,-2.377056370198775762e-02,-2.250482809697385844e-01,-1.136618938368062937e+00,2.135281073411063879e+00,-7.307506024843138381e-02,5.360880376899603839e+00,-6.583390833968886247e-01,1.425171756756778541e+00,3.763187451213143575e-01,6.762573284774220372e-01,2.815077639402596699e-01,-1.346163641094050956e+00,-1.316816888021644427e+00,-7.581294856115867731e-01,-5.361742914813140137e-01,1.212466487720495145e+00,2.343767477833479163e+00,2.457511240577965328e+00,-3.974418370996423810e+00,1.424338334719167376e+00,8.813240527545262992e-01,8.354374094091531200e-01,7.269123453752026620e-01,-9.644904757943457696e-01,-1.274336435163134063e+01,3.985334110573716337e+00,3.030487729598732027e+00
-5.727301107428710569e-01,1.806077061658078131e+00,-8.721789666217372172e-01,-3.755990064605570500e-01,2.819623488529946265e+00,1.721629851887187090e+00,1.014515668400608028e+00,2.886429372654479408e+00,1.130265816813298585e+01,-3.716272643939111386e-02,1.169999808106189532e+00,-3.176209212521657221e+00,2.287814360911437195e+00,1.887543225241367084e+00,4.666265459005174421e-01,2.851747065766801370e+00,-7.671813628786922079e-02,-5.406308930539440727e-01,-2.437192732982536914e+00,-2.491418862215202465e-03,2.243007046527168313e+00,-1.657329904860536329e+00,-2.770142242842272395e+00,-3.362679284321606232e+00,-4.659551762309038780e-01,-2.535810164642117726e-01,-7.452107497314208739e-02,-1.956200019507396748e+00,1.291056104331376186e+00,-8.982585353658157912e-01
-1.137281067662064382e+00,-1.879063283674800688e+00,-2.502560773934878302e+00,-4.626886030276739170e+00,3.430075378503138150e+00,3.357245294179967754e+00,-1.507751492760096346e+00,-7.436181243407510300e-01,8.289751820917519609e+00,-5.157101039116810393e-01,6.373676121745519563e-01,1.367761290632228732e+00,3.385256399179940701e+00,-4.503575732973053025e-01,-1.151761368128123575e+00,-8.347613517900066560e-01,-1.810456115063528548e+00,-1.026305942876782229e+00,-8.544525572695298443e-01,-1.021198721397345688e+00,1.431012459523435254e+00,3.227057726696867412e+00,2.314131405370511985e+00,-2.304628520571273320e+00,1.258715405656623432e+00,-4.774613002646581061e-01,-3.376342621573813485e-02,-7.410775363025749130e+00,-9.397078066959285714e-01,3.125652123507753899e-01
1.090470078338493076e+00,2.039207284977319734e+00,-2.436691808448270546e-01,1.161689739121602560e+00,-2.667438758881123029e+00,-1.898696690371726392e+00,1.364407500639416959e+00,-1.979170907847840333e+00,1.381030292066537157e+01,-4.415374494647341524e-02,2.515115150960909318e-01,-9.557152203883693131e-01,3.722281641134402186e+00,-5.558377938841870813e-01,1.534596953929552310e+00,1.579836245259657490e+00,-4.296454913636348349e-01,1.408498406757006993e+00,-1.357002268587488514e+00,4.250038323027653941e-01,5.363672160647050546e-01,2.587961477780843733e+00,4.845566273654309697e+00,-2.268275038591447856e+00,-3.524164609154903927e-01,1.503323970929203224e+00,4.736334061164308995e-01,-4.469686859223943820e+00,9.187897055639450139e-01,-3.553332833645515554e-01
4.109890241734636546e-02,4.605917557767356119e-01,5.134912522272173652e-01,-7.023103405072080863e-01,-2.321571378986095890e+00,-2.772545112463596695e+00,2.746891874590364768e+00,2.881823322763174655e+00,2.532415194185548279e-01,-2.912585315601173841e-01,6.216545687658819874e-01,-2.640594472227323131e+00,1.181772436026636841e+00,-4.613135074895203247e-01,-4.423253829940242410e-01,9.062038876019425926e-01,8.893375748922174306e-01,-6.474201901126416248e-01,-4.111325577849797575e-01,-7.392409667953476760e-01,2.244115952080804277e+00,-1.722126914367686057e+00,2.890393781047716715e+00,1.573611912334911045e+00,-1.123377029644679892e+00,4.032055020639875309e-01,6.787073558175056309e-01,-2.066719674865715817e+01,4.417391343193947661e-01,2.452492785710655099e+00
6.811207066117095366e-01,7.564027964739212795e-01,-1.169963138349896070e+00,-1.275357254207936775e+00,-6.663761713093946382e-01,-3.853914970429201392e-01,-4.393257589740430236e-01,-9.424536874819451349e-01,9.844282020113070963e-01,-1.692068820223928016e+00,-1.031853421193071441e+00,7.316955362990723799e+00,-2.326801699478031615e-01,-8.189807721742021762e-01,-2.214781378831049530e+00,-5.465281082098016885e-01,7.503633700078652380e-01,-6.648552578447424199e-01,-1.053778078966747023e+00,4.785413281702353694e-01,2.268849662269985412e+00,-6.371022060166811052e-01,1.097052171288678935e+00,-1.037105914287835606e+00,1.249677921280688553e+00,1.727910837628165996e+00,-1.681794228480393283e-01,-1.558218504769317780e+00,2.408461808229073853e+00,2.206761205334022424e+00
-1.083936486487917072e+00,-8.979978059845535043e-02,-2.360334720443912460e+00,-2.616455906707340962e+00,4.348541095992036754e-01,1.863225484121160958e-01,-1.516046996149686299e+00,-3.865123443823315519e+00,-6.066246970045729991e-01,4.959569619385602590e-01,2.819030549837410859e+00,4.646714675016810681e+00,5.754272989564201524e+00,3.230949916396163246e+00,3.140766454572857747e+00,1.601010139882327987e+00,3.285519094664030582e-01,1.651717518242483029e+00,-5.670498868718125696e-01,9.865044439620118677e-02,2.604945655077580469e+00,-3.915625917193615635e+00,7.478212972437874306e+00,-5.105701689879891259e-01,5.457999254841958692e-01,5.992470395611847467e-01,4.183065796215368337e-02,-6.663058890714311566e+00,-1.679496963454456093e+00,-1.324412238102805395e+00
-2.355689803741225496e+00,-2.752607950772360201e+00,3.737648234324346119e-01,-1.741782371821321895e+00,-1.660625586807582543e+00,-3.787398507336745546e+00,-9.752024844933482317e-01,-5.395268151515945909e-02,1.967050263960565459e+01,-1.081535302128501019e+00,-8.565094769007748632e-02,3.491746035668501058e+00,1.291607132972005090e+01,-3.270058988252977916e-01,-2.647929664841706665e-01,-1.379237654858981532e+00,1.120738129255887394e-01,2.980301710047505992e+00,6.124201100518629204e-01,-2.465935452797411997e+00,1.336871550285972043e+00,1.556260658168771016e+00,2.620527494885897823e+01,1.512355220645476228e+00,-2.736763334922913238e+00,-1.826074152822667163e+00,2.453913296594122384e-01,-3.227374661162123459e+00,-1.777456185749410222e+00,-2.241984007010581870e+00
-1.674364542730012451e+00,-1.396910763633950614e+00,8.048064517175838872e-02,7.784696784159831351e-01,-1.267804047317200977e+00,1.545584151803109707e+00,1.118123598871495039e+00,2.236523489652862295e+00,8.099760697583171520e+00,2.333187724991945267e+00,1.866581500604477029e+00,1.507811600742300051e+01,7.566931338853638778e+00,-3.716542308122338101e-01,3.390676950147130664e-01,-1.152899066762057112e+00,8.737637705849112812e-01,-1.302480402136134252e+00,3.921337788379253841e-01,-7.092380983894597257e-01,3.366195499910489275e+00,-1.243041545488675848e+00,5.302976214775800834e+00,1.084801029380074444e-01,-1.312106082067706181e+00,-7.797653061042031375e-01,1.735944736484023698e+00,-1.846132570653984839e+00,6.863674294293582445e-01,1.698775517901511822e-01
-2.908707068869038626e+00,-3.883217725301433831e-01,-2.967247989414402820e+00,-7.995699148032237025e-01,-2.761564248211071160e+00,-2.644922055695867247e+00,-1.988588699506278035e+00,-6.852765942991440040e-01,-9.878393805347989165e-01,6.324060524108322534e-01,1.312805260647633976e-01,3.039783878013982976e-01,2.499348363364217818e+01,3.470194890541288268e-01,2.548979148601185685e+00,3.477633974261436833e+00,-9.608218117522042689e-01,-1.811362668785330365e+00,-4.458801255197680224e-01,1.083535004960312520e+00,4.064676199781007249e+00,-1.211580014409314288e+00,1.088367736800766927e+01,-1.204953757539888315e+00,1.147365193431499231e+00,-1.303371205822855705e+00,-7.336972045192073910e-01,-1.188491639047121140e+01,-5.901729545799028198e-01,6.090215642516395578e-01
1.708985878939070613e+00,2.515165046494351131e+00,2.070519658577144040e-01,1.758497385984784556e+00,-1.730593366680088119e+00,-1.828108930726390469e+00,-1.452561697221401160e-01,-5.096374362342521724e-01,1.585336316798726841e+01,6.139238437781431301e-01,-1.931637395715228411e+00,-4.392310471747418177e-02,8.274562538532546085e+00,1.510103157410475294e+00,1.584887726283928933e+00,2.574853972862065632e+00,7.142317062687341123e-01,2.401517649961029954e-01,-6.948328743343187286e-01,2.054340727862057570e+00,1.950628436833154122e+00,1.346130581458880426e+00,-1.528426120259026577e+00,-2.366868629879608221e+00,1.110411498082080478e-01,-1.141508559673874768e+00,6.700419363074481272e-01,1.466354219229639488e+00,1.590794601378428264e-01,-3.556947283555371153e-01
7.597348457930966914e-01,-4.287361398677462243e-01,-3.905559790042805735e-01,-1.269934103923940460e+00,-6.635428544700974207e-01,1.979272002544810172e-01,1.218382364965633624e-01,-1.131138753000830555e+00,-2.055217730688835509e+00,-1.433520904245310090e+00,6.115836143787631296e-02,5.609928081108491504e+00,2.905963347696079335e+00,8.587192498709995681e-01,-1.384684351128444346e+00,-1.776267376769004702e+00,-2.474325085277696346e+00,-1.989581318490520667e+00,1.046506106486402521e+00,1.823247018727111923e+00,-2.179746337786523380e+00,-8.910016397673696797e-01,1.302127973511420223e+01,1.071525256003001414e-01,-4.444278763992807746e-01,-4.878804481090270317e-01,2.293338296285411193e+00,1.517292493993457336e+00,1.191827450614017847e+00,-4.970072321866628173e-01
-2.225517473165389948e+00,-1.445651596282903961e+00,-7.486382013609019781e-01,-4.462826320126194179e-01,-5.567722075300327589e-01,-2.084205063921622969e+00,-1.129147129985168307e+00,-3.210643917003186965e-01,5.244585720887288360e+00,-8.108050953761258839e-01,-1.192086325609551745e+00,-2.450393505417463480e+00,1.517842512877982486e+01,-1.171153452543955753e+00,3.601945295602054231e-01,1.163219667572148230e+00,-1.326681431782910536e+00,-3.279281005129786042e+00,-2.359991842658945571e-01,-9.106028213699597640e-02,1.318588473879966916e+00,1.605625388577428536e+00,3.124760098126304086e+01,-4.630944467220879934e-01,-8.190645541187274725e-01,1.095708921177388495e+00,6.038643615067628145e-01,-3.779464859926523701e+00,6.893175671634019785e-01,-2.368247597638623303e-01
2.774274563645535263e+00,-9.972674483073932228e-01,-8.196314892874213553e-01,-1.536827753907335226e-01,2.018568121567896778e+00,-1.679344074698306821e+00,-1.896466024401881167e+00,-2.287574695077264408e+00,1.835256785516030664e+00,-6.275432170392024611e-01,1.243774324133929854e+00,1.337757345424339661e-02,1.882162546128371261e+01,-2.308217237993641646e+00,2.566823709661191444e+00,2.724624218617675009e+00,-6.210620131525468324e-01,2.429968125379908250e-02,-5.176114098247276418e-01,6.133057774751372593e-01,-1.676318776745588934e-02,1.919302517984358358e+00,1.662807279134754124e+00,3.737532214317513368e+00,-3.561561314680176116e-01,1.576722358282832914e+00,2.933250439406998034e-02,-1.180067974258072816e+01,3.328406346931569448e-01,1.963297280700874170e+00
2.811718166188953982e-01,-1.227865984826964629e+00,1.066428526055752446e+00,3.090123452444886176e+00,-1.628229912686771641e+00,5.421128440398006454e-01,-5.610543885252233798e-01,5.414215405040370133e-01,3.737880157398795422e+00,2.560282268197497046e+00,3.241265872002130344e+00,2.045573497907021121e+01,1.394758800749263505e+00,1.201082681141863340e+00,-4.244461404900526369e-02,8.407688928443423082e-01,-7.690062857992533418e-01,-2.152447994638027495e+00,-3.479818866660215337e-01,1.182548199974506442e+00,3.161982639127249861e-01,3.744138289267751496e+00,1.235820457356864921e+01,-9.645996811858450481e-01,-1.856049004211479225e+00,4.024670641445848296e-01,-1.039777803270136580e+00,-2.722600901628684067e+00,-1.744153082705665880e-01,-6.938056622560110354e-01
1.135867040540248230e+00,-2.728709216974668506e-01,-1.190765723328307546e+00,-1.759907474129073890e+00,-1.609897328687750040e+00,-1.339422644741744772e+00,-1.403899676785385964e+00,4.686259449919665254e-01,3.279779714750149511e-01,-1.047925561173262521e+00,2.209880019560085118e-01,4.113225945097738645e+00,2.153961020427932027e+00,2.597315206629338125e-01,1.888719650527345001e-02,2.123188133266926125e-01,-3.031333054158066531e+00,-1.043744691600662522e+00,-3.567331815552620689e-01,1.014144642767228044e+00,-3.682983768794307888e+00,-2.179179279392372326e+00,3.042223556644064519e+00,4.873908971550646174e-01,1.585718021452432014e+00,8.841211823327891350e-01,1.195645964337002765e+00,-7.580444164874624136e+00,1.640067460413869638e+00,5.756050399172374377e-01
-1.580464839338111105e+00,-5.187610267765847549e-01,2.337411699986277736e+00,1.336075321078909361e+00,-2.555536069883923012e-01,2.211769288444123127e+00,1.363527896825663221e+00,4.319263214725907463e-01,1.754290279167517674e+00,-3.605693346424103662e-01,-5.035776833915436290e-01,8.790449157792988855e-01,6.353341891049989698e+00,-2.198496017710782624e-01,3.694895743425303247e-01,-7.067111984423862792e-01,-6.569586426675946278e-01,2.363964548143868138e-01,-7.422877379848884516e-01,-1.869228816075739319e+00,2.020772258823429812e+00,-1.711345903618743058e+00,-7.688077717708229342e-01,8.500213671595294729e-01,-1.102944974442892967e+00,9.042734603245613512e-01,-1.839442277437726148e+00,-5.218114146710838952e+00,-4.453027849784316761e-01,-2.143672845852571118e+00
8.868316424723408087e-01,1.091782497304448485e-01,-2.622796155079644420e-02,-2.235412719652267177e-01,-7.530261899957939598e-01,-2.301362744643199232e+00,3.094059794512579731e-01,-7.138695034916344717e-01,-8.471428140051179279e-01,-1.475770689406036285e+00,1.404765445051773254e+00,4.616391616686826183e+00,9.408678645052725997e-01,-4.568161755698603166e-01,-1.244461697914498455e+00,1.028791095549618451e+00,2.423626460316563147e+00,-7.939865908634311520e-01,3.421352840717417632e+00,-2.849975088989928906e-01,-3.930881576700688385e+00,-3.445230292034327846e+00,1.520141046766380066e+00,-5.078929711001284319e-01,-5.355280905445062301e-01,-1.458002214900414373e+00,-5.344054652539677042e-01,2.120076326579199755e+00,2.141960778440023194e+00,1.553804838917459019e+00
5.081971460636616200e-01,8.299284431187253785e-01,1.518715963683481940e+00,2.341200425014118847e-01,-2.825041589418833432e+00,-1.851743892720060902e+00,2.163980708250272667e+00,1.390318909567558547e+00,4.518137032551224230e+00,-8.916689616192443602e-01,2.160767170525871084e+00,1.624936750895062065e+00,-1.810601205087380983e+00,-1.202089627163212882e+00,-2.437922175594866570e+00,-2.549065413572750849e+00,1.255574320004210653e+00,-4.288260427571647521e-02,-1.089109929368790253e+00,-5.091397919052209620e-01,2.615385763519388895e-01,2.664067494152650095e+00,2.628641916929280065e+00,2.212290067120487258e+00,-1.355443261999169646e+00,-2.652599959554078346e+00,-2.402968733954152558e+00,-1.474380287142011881e+01,-1.812694811537390205e+00,-7.852223372899317377e-01
1.317372540074220666e+00,2.410509488351523455e+00,-1.047274504527909045e+00,1.305306198223932457e+00,-7.719735082037039176e-01,-2.342342546852264284e+00,1.846435179001741922e+00,1.553671596134024169e+00,1.620201698376856925e+01,5.106021789255360543e-01,-1.601785665369091394e+00,-1.932109564866351770e+00,4.405364812348203429e+00,-2.257031427306688709e+00,-1.352058298070901277e+00,5.906910365450886991e-01,1.310474989198804119e+00,-4.796345612673638681e-01,-1.068447207041744729e-01,3.792155142666770451e-01,3.148373213312593677e+00,-2.308547782291494155e+00,-2.829470068874819777e-01,-8.011045236586032681e-02,-6.442801724425202270e-01,1.721689453146046267e+00,2.679284613604866028e+00,-8.076007376556290751e+00,2.565151483741726413e+00,1.303868078083995519e+00
-1.069075061407309124e-01,1.994697500615611352e+00,6.168685541587011212e-01,-2.219529242582152673e+00,-1.289773880173844756e+00,1.238965053470268418e-01,-4.540429951044985257e-01,-2.342019449005626530e+00,9.265404368348374220e+00,-1.327408456476022236e+00,-2.581309927664201975e+00,3.152665051933168261e+00,2.029388352931912110e+00,7.452992408335407104e-01,-2.000863766988222187e-02,2.822614563274669308e+00,-2.230000139457938957e+00,-1.037339381901133617e+00,-4.739517149718996403e-01,-6.785322656255257101e-01,-3.312691909961928083e+00,-6.328987598971323791e+00,4.977334227794409927e+00,3.937020145528102422e+00,1.278386973951198380e+00,-1.254153601874443025e+00,-1.229908849765567691e+00,-2.819560581854401171e+00,3.108367929065225521e+00,1.679972708211043608e+00
-1.541991302132798891e+00,-6.713010755475753433e-01,-1.634814177400665036e+00,-9.704197598553608861e-01,-3.170150105551406972e-01,-1.886899147133714316e-01,-1.525856637177237796e-01,-9.722846921493843997e-01,2.361504316664399195e+00,2.085555378875009858e+00,1.819352758036172357e+00,1.268355295850745712e+01,5.593591251183709367e+00,-1.014253160007565269e+00,-1.480185121821179450e+00,4.237690458807127913e-01,9.252288122373222290e-01,-4.327258255664682973e-02,1.496274893141409934e-01,1.895277899984752212e-01,3.949087101243965670e+00,7.950236141384090516e-01,-6.922102173667669112e-01,-1.806246994197345827e-03,-1.093513249723542913e+00,6.312045446901001222e-01,-1.516445312327257877e+00,2.333495389816658550e-01,1.608382614009589817e+00,9.930384494264479223e-01
1.422974479747247445e+00,1.660627884558217415e+00,2.544364275591385560e+00,1.203223798260641519e+00,3.668821082428112140e-02,-4.821407401747994093e-01,-1.932272694955423198e+00,2.033363872864891508e+00,5.536287273950370569e+00,-9.770435581943764936e-01,1.723912769930637801e+00,2.190918214847189294e+00,7.030508865749336422e+00,-3.548357570164615282e-01,-2.276972062887724635e-01,-4.797315492906518153e-01,2.656022308854781300e-01,1.616426372279701429e+00,1.689639563357156005e-03,-1.235797211190046818e+00,2.074706285585620869e+00,-1.813946512074530837e+00,7.078479773659005048e+00,2.277639163650551968e+00,-1.483764851808344387e+00,1.392654972602486607e+00,-1.005709380039680356e+00,-1.200664989839601304e+01,1.260848577888501021e+00,6.783144681290910472e-02
-3.657827095878427581e-01,-1.203343596528219539e+00,-2.536077298941590730e+00,-7.599703647282901597e-01,-1.082161500456816583e+00,-1.176295978892462957e+00,-2.125864692197116046e+00,-2.141050300793633898e+00,6.380408957630278266e+00,2.013723768663786551e+00,1.551468245999959805e+00,8.864759359144567696e+00,-7.806910309074744925e-01,-3.006536071589119286e-01,1.691641458575203538e+00,4.700609957720061627e-01,3.273912701496133781e+00,7.977611838967998414e-01,1.304902715230276122e+00,8.570324608201124184e-01,-4.305161402835028461e+00,-1.330118174467345815e+00,1.531209924216632601e+00,-2.564674577964976554e-01,2.050210989467469158e+00,2.853413749306697333e+00,-1.230803640183043335e+00,-1.340963116517359133e+01,7.667824256135955530e-01,1.837293415673298957e-01
-1.971348611795533667e-01,8.076454459983621881e-01,3.247265473283751369e-01,1.722567555323114563e+00,4.585028468829719372e-01,-1.172924698347383998e+00,-1.303083776959409190e-01,-7.193706035535848420e-01,2.233454718540700323e+00,-4.290532733101196095e-01,2.028323866873423142e+00,3.869654951475675064e-01,-2.458020138183380610e+00,-9.014797150220824618e-01,-8.402030738979676672e-01,-6.908371800966656151e-02,-3.011280218884915261e+00,-1.113150330710866331e+00,1.003892178439282024e+00,-1.815962237232491561e-01,-1.131618164636199353e+00,1.287187466035354388e+00,4.025283395221348037e+00,-3.943105040996490174e-01,1.347250191354078530e-01,-1.750366313005038421e-01,-7.871770289315620506e-01,-1.268646824998247435e+00,3.354738113756977835e+00,3.217437170643977051e+00
3.292120904653842439e-01,-3.938130830060452836e-01,2.593949572534112402e+00,3.009120075960936447e+00,-1.966799509318514771e-01,3.596909404648429009e-01,1.485106522446990596e+00,-9.192543304193887543e-01,1.705774798743434073e-01,6.228618048071328239e-01,-1.221979646879929104e+00,2.804230711902962803e+00,1.774198696581480217e+00,1.151418498212648078e+00,-7.303027935381389835e-01,-2.631735477535442347e-01,2.692036360655747362e+00,1.043330812378656880e+00,2.365312788180493619e-01,9.417504845640841671e-01,-1.855524101160296535e+00,-3.330183912627919240e-01,1.474359850154031815e+00,8.206894486855201842e-01,-2.536127491891052355e+00,-1.150663039491850226e+00,7.614784910017926567e-01,-4.900135401877587782e+00,-1.828629812764088980e+00,1.118148632858475267e-01
-2.296623580737370052e+00,-3.181224287293399899e-01,-2.661627032412943739e-01,4.206991936508388541e-01,5.472448018477253928e-01,1.074124173502954971e+00,1.666747521815067357e+00,-5.885336058033703299e-01,-2.883986375172331029e-01,-2.657621788375357674e+00,3.781303776031087693e+00,2.167803673045076707e+01,1.329401809207517005e+01,3.378656940458103497e-01,-2.480826566432074554e+00,-2.364384639076690053e+00,-1.180072194932774821e+00,-1.290540296490209515e+00,-2.023304214050730465e+00,3.309270169698691477e-01,-4.623758895585032835e-01,1.507633279040172081e+00,4.882409843263138427e+00,-2.648030852844374561e+00,-1.519490608784830332e-01,-1.514760998685012572e+00,2.089052545152882079e+00,-7.220022196818472793e+00,5.822170987287935695e-01,-3.424582955219233060e-01
-3.567210066884720643e-01,9.113515078982996620e-01,-1.775977316133477313e+00,1.073844602780415075e-01,-1.802770911568693180e+00,-2.710772840227792191e+00,1.253258912971876970e+00,3.250740255701075831e+00,2.573316283471673405e+00,1.009191470230512477e+00,3.091866393924476708e-01,1.441145884739753136e+00,1.751225027585286309e+00,-1.298571074554715210e+00,7.122636354583885554e-01,1.280764286041756073e+00,2.417512419745176722e+00,1.401980271785512766e+00,-2.251773897782392897e+00,-8.794414261652618858e-01,-3.142100169691677714e+00,-4.677200508858597061e+00,4.955528313277303809e+00,-1.919376089476069636e+00,-2.086947303167911549e+00,-1.657867902465041565e+00,4.567218950950785450e-01,-5.276957921733128387e+00,-9.450529436740691125e-01,1.603632750842333810e+00
-1.097290073798250942e+00,1.557490862740408710e+00,1.939217332705309438e-01,1.059832322613394773e+00,9.781632705985541243e-01,1.769773823034855031e-01,-5.172633150135050872e-01,-1.209789985946715829e+00,6.611278503313236854e+00,-5.541258630967123983e-02,5.072960742356886765e-01,-3.611648081863900739e-01,4.656643874135161454e+00,6.754870198438808204e-01,1.715629581936187309e+00,-1.505502375848951191e+00,-1.798316146942472660e+00,-9.378929584836388778e-02,-1.543159348307390877e+00,-1.570830409800431315e+00,-1.791646163377668355e+00,-1.062343015470330165e+00,1.264982592055708510e+00,1.025496163012244166e-01,-2.189611941783789817e+00,8.148742493713456714e-02,-2.693697917548085741e+00,-1.947633744467110350e+00,-2.381299774189749474e+00,-2.293237384773807008e+00
-2.596808648904395667e-01,1.204173164955132602e+00,-3.637105452836156272e-01,5.845140097323491268e-01,1.304422141836159531e-02,4.045123036581563247e-01,4.087328996516927382e-01,-2.247354303608725345e+00,4.092224996882350752e+00,2.529539563884352638e-01,-9.289150216918193870e-01,-1.400070253913881402e+00,-1.456948627721450062e+00,-9.782667851532959036e-01,6.323474082504080274e-01,-9.115383571295480880e-02,-3.105220296196145480e+00,-2.942595601737837185e+00,-1.196914737848316229e-01,2.344879306799382501e+00,-8.666923426150645593e-01,3.918170136773369450e+00,2.795766951558204738e+01,-6.234601690957377457e-02,3.932557099117206523e-01,1.354990224242365260e+00,-1.093274778181573925e+00,-8.632639947860837326e-02,1.533997567022807651e+00,-7.890946773027136540e-01
5.147458806029405615e-02,-5.988301560550347569e-01,1.632292775688217956e+00,8.717019967365087219e-01,-1.606358192954088882e+00,-1.533092558232507008e+00,-9.696538405605763522e-01,-1.415375769020249974e+00,1.564128145426110672e+00,2.644655692864158691e+00,-2.582274969051739699e+00,1.658293841096722687e+01,3.993755055506504337e-01,4.454039119036921623e-01,8.665803616599333514e-01,-1.266832503473885208e+00,1.062939128070363726e+00,6.324984266184109638e-02,9.205824079283548844e-01,7.759899838744236389e-01,3.793876487181129242e-01,3.811568518289295771e+00,3.271924003235316736e+00,6.290454769821163250e-01,1.470213038822725471e+00,4.484405716946290865e-01,-1.052775825230753304e+00,-5.779825105345654634e+00,1.308829438834493653e+00,-7.701434828424237322e-01
-8.303207606076329350e-01,-1.859370681689051230e-01,-2.902274636083591042e-01,-5.535598332042377390e-01,6.352089489679613177e-01,-6.040641222899791885e-01,5.876772881309468843e-01,1.660927844774746864e+00,1.277831992297604247e+00,1.105778361495572293e+00,3.909665499516564169e-01,9.909023381923115492e-01,4.088148973554268650e-01,7.884511088875592044e-01,6.859240363616918579e-01,2.145977826992360726e-01,3.037354971304211837e+00,1.243680330707247927e+00,-1.788921885751030838e-01,-1.532376794774072959e+00,-4.717750259808520141e+00,-2.774961296476695427e+00,3.320041554750884139e+00,-1.360704267252091482e+00,2.198246679591023156e+00,1.753033583693374808e+00,8.840857066937154451e-01,-9.932135879478619644e-01,-2.437291300141158690e+00,-1.978304683775486517e+00
8.573397968056085672e-01,-3.411161514491438673e-01,9.404065079718044728e-01,1.951485837058922979e+00,-2.640050059913696678e+00,-3.706447167810534293e-01,-1.428549161944820289e+00,-1.297140347001008998e+00,3.424477230501257741e-01,1.460366045606864782e+00,-1.412165685009690641e+00,4.889881528082537621e+00,2.668176230662576920e+00,1.224937074660768177e+00,-6.969507461860574571e-01,-1.311507425080694844e+00,-1.237154226818099723e+00,-1.139652103087599455e+00,2.082655807975107853e-01,1.099612867325204357e+00,1.411159328021313719e+00,2.879260226625354857e+00,4.070254980397455036e+00,2.054581687517020305e-01,-1.174409059563053193e+00,-1.152090788346044281e+00,-1.973510252316112101e+00,-5.397574953747654725e+00,-6.234518907886665851e-01,-6.514144729368168685e-01
1.436346073812984514e+00,-2.847930751907218894e-01,-2.378585887073826066e-01,1.352607607338664364e+00,2.045564011947779814e+00,-2.048996195008511823e+00,-2.597705837950352037e-01,1.946995249311069376e+00,-2.454430602830262043e-01,-1.826923026655884463e+00,-2.947942488590805654e-01,1.121354539959059693e+01,5.784440753010547276e+00,2.432382925589041012e+00,3.567193893502536017e+00,2.044404191789407577e+00,2.166725713136071096e+00,2.046691059219655884e+00,2.200515356663558020e+00,1.036446183806664756e+00,-3.431178203076615141e+00,-2.117228788288731955e+00,1.208667006679383427e+01,-5.608904660189460017e-02,3.704585158581611193e+00,2.697795325740743877e+00,2.768207935446252765e+00,1.548192432503933791e+00,1.515886654015575319e+00,1.455536281526070175e+00
-1.122813174433442862e+00,-1.251338362891510236e+00,-8.421156575050962045e-01,-1.530465198822378525e+00,-1.812919930472756125e+00,-1.002017258966134278e-01,-7.367952804280908374e-01,-1.402681118359122125e+00,3.471082422363973574e+00,-2.751943620266414037e+00,1.181362642283435127e+00,2.340231670305159639e+01,1.209379696235304280e+00,-7.616455506134396369e-01,-1.457860470276704401e+00,-1.077606306989565388e+00,1.466324607578538830e-01,2.186871703573988857e+00,-1.082485738378688778e+00,-3.961821458423709363e-01,8.510584221847261599e-01,1.645887120175842711e+00,1.437879083374558498e+01,-1.380608318109380228e+00,-4.388760313919465861e-01,1.438146317303162780e+00,5.272374794432506118e-01,4.823649962957277104e-02,-1.784756038100101749e+00,4.086137350433642901e-01
3.665157466403858866e-01,4.632304054796899662e-01,-2.469664481400120515e+00,9.510509191222116243e-01,1.778113110342850245e+00,2.692744986616902203e+00,-1.126907204747121388e-01,8.780719416582850601e-01,-9.996256335473645560e-01,1.433069446435296102e-01,3.032110783467980575e-01,-1.397311339655545437e+00,-1.957790092991127939e-01,-1.777340223151367304e+00,-2.069239443987750615e+00,9.034721537910472247e-05,7.443769310632284038e-03,4.335654737384725954e-01,-7.051238162603628012e-01,-5.651485142598461353e-01,4.785394641648021086e+00,-4.915975844380644499e-01,2.334190746893756163e+00,2.070962485766448147e+00,-9.683873324517191516e-01,1.728407711169425598e+00,1.248992212392379342e+00,-1.208258878767876965e+00,-9.140490279631767745e-01,-1.438307771616798458e+00
-4.746782697221167968e-01,1.463337851347056295e-01,-7.350387471302701758e-01,6.653795182374362405e-01,7.060400324606683764e-01,-8.479587511022575186e-02,7.652249108373908315e-02,3.922707018961017478e-01,-1.121354591095827358e+00,1.092924957688796272e+00,-4.690255438372609165e-01,1.181816067878240339e+00,4.485572130504071886e-01,-4.684083581479894093e-02,4.259556782537897712e-01,1.698824794660992454e+00,-2.340606738362721817e+00,-2.433769552756352428e-01,-7.682705164122640706e-01,-1.107876753433421291e+00,-1.293668149973044912e+00,-4.853937901053830828e-01,-7.582178621978310495e-01,-2.234235210647689929e+00,-1.570490743129530076e+00,-1.164214127788109954e+00,-3.318668274323059442e-01,-2.049025622624793819e-01,6.791719763392789488e-02,-2.281229249310835705e+00
-1.712835970078563086e-01,-3.617939991643314146e-01,9.885512048618579906e-01,4.791979166655146449e-01,1.661248472309589941e+00,2.360120759155812098e-01,-1.586124713103134465e-01,-1.200883001023509866e+00,-2.163937478166569672e+00,-1.995241649427151653e+00,1.027542613789550030e+00,8.640434171424399068e+00,1.593244197265506479e-01,-6.541643336990933255e-01,2.772649434406820323e-01,4.534199533149483319e-01,1.280407156238592137e+00,1.053230500990529617e+00,5.615087603402444533e-02,-2.055164813307720273e+00,1.675195753718489167e+00,-1.513284024443329656e+00,6.220522897294131326e+00,-1.376284871181714664e-01,4.097045240556553836e-01,4.850225196652503401e-01,1.368547261360073763e+00,-9.787540727528979412e-01,1.564219559834709450e-01,9.056654037992373230e-01
-2.100670507172705204e+00,-1.602009344925904522e+00,-4.321607529170183315e-01,-1.211442280999340593e+00,-1.110212754578422611e+00,-1.176783165359784222e+00,-1.526619864921178182e+00,-1.559448332740200227e+00,7.677380658237738409e+00,8.718215819921036891e-01,-1.062905013182510218e-02,1.065105314733289843e+00,1.256256179543398943e+01,2.371752975526616680e+00,-3.353999107072038188e-01,1.211282650848883868e+00,-6.604348428380252267e-01,-2.458050805873051914e+00,-1.597809774469897137e+00,2.161748573791727190e-01,1.341009845539820056e+00,3.331608925968833623e-01,1.823657377029085325e+01,4.646106977175559205e-01,-9.822465692313875341e-01,-6.231443278951952491e-01,7.161545080205766745e-01,-5.266014421320436512e+00,1.685267275987276214e+00,1.379631006666847126e+00
-1.808590412336341213e+00,-2.388577707070891787e+00,4.337760632164544550e-01,1.431208046287500757e+00,2.888911622880717456e+00,2.063512160325159606e+00,5.346342049062863255e-01,9.230326018322990711e-01,1.645900460741853166e+01,5.847114395173389489e-01,1.124714370669179925e-01,3.017718532059311620e+00,1.056845846217134621e+01,-3.444803192226695843e-01,-4.393380842208990944e-01,-1.360567013509597301e+00,-8.254507843893564845e-01,-1.373832821589519304e-01,-1.873557365628230054e-01,-2.554809947927572100e-01,1.916352083874790946e+00,-1.914090225461908545e+00,-1.858376720197219445e+00,-8.239259498413317728e-02,1.642533960041619445e-01,-6.103535868675833420e-01,-1.632881051668474193e+00,-3.918627360548577521e+00,-1.977522669122492971e+00,-9.978314307295037544e-01
9.069630183858529149e-02,7.843964783743856417e-01,-1.035790484398912970e+00,-1.933054190462708766e+00,-1.775343649715300509e-01,2.715651048962693936e-01,1.747465045770733472e+00,1.501439975769931268e+00,3.788704659576791478e-01,-1.266027825109148353e+00,2.470563821509163815e-01,6.477119277536436570e+00,-7.210280972096172469e-02,2.587664503340441513e+00,-5.591272274605941783e-01,-1.648341893721246842e-01,-2.758074231759282680e-01,8.833134155176162183e-01,4.901677934071983489e-01,-4.069081403946084863e-01,4.318329399953340086e+00,-6.340107459101812504e-01,1.133109869000529457e+00,-2.299790708618585366e-01,9.109284880051732314e-01,1.783947902004624497e+00,7.456358152507065462e-01,-8.191522050655221321e+00,1.652747246942680714e+00,1.352402956955277125e+00
-4.937736299097337245e-01,3.376489608848813329e-01,8.742116531312603689e-01,1.112928014846561453e+00,8.031754375345498964e-01,6.062466983082458460e-01,-2.699910695328627597e+00,-2.393792437741240509e+00,2.650462041585230466e+00,-9.042538019566191965e-01,-4.722055081014476241e-01,8.497289921232107357e-01,2.886109216676680411e+00,6.314997803607647064e-01,-1.738696251798335091e+00,6.686234602077819611e-01,-7.410127192831550413e-02,-6.037992951324944180e-01,3.102648877346511291e+00,1.697633301427748709e+00,1.062539396751250864e+00,1.735314850598788095e+00,5.188411758969279086e-01,-4.828659586349740573e-01,-6.637189218661163626e-01,-6.566702103595835061e-01,6.520828061963339639e-01,-2.106431030069760979e+01,1.910538524470732691e+00,1.460274539636323698e-01
-3.551658799586898674e-01,8.708333167135403619e-01,-9.846250023965175124e-01,7.993767483117664163e-01,8.888414112894388319e-02,-1.304350195983309257e+00,-9.896853265003570099e-01,4.711412450192033891e-02,-5.250862022027886766e-01,-7.513807651031589874e-01,3.281745847731557530e-01,-1.063104087937706055e+00,1.204019702316581064e+00,2.996398445291838936e-02,-2.392827842073493305e-01,4.882545692544441596e-01,1.277096627433483622e+00,2.046094127500762916e+00,3.403457471859728800e-01,6.712234273992775946e-02,7.730082110571745435e-02,2.413934777721595815e+00,1.384662393021462279e+01,-1.021398875930588090e+00,-1.688426947413272483e+00,-1.053674044060840087e+00,-2.110039301224168717e+00,-2.788702645435051863e+00,-1.953465372941364242e+00,-1.274021509260981233e+00
3.316513004947037047e+00,-5.949122526610064327e-02,1.328023986369825327e+00,2.759499271689395350e+00,-1.731234328177930770e-01,-1.321545323363983115e+00,6.734683614512791960e-01,-3.151177412403908251e-01,4.121496402405755433e-01,-1.083170265791079334e+00,2.289065521745496490e+00,8.064152227807751316e+00,3.094061433604293043e+01,-1.199876128737928260e+00,6.545720268355259552e-01,-4.613790440843922869e-01,9.272527322283602436e-01,1.873334161376871698e+00,-7.706118917117686928e-01,2.880203423003068863e+00,4.986636845574481391e-01,2.385252724836452565e+00,8.413776828732711266e+00,-6.655607651440458017e-02,-1.012201959107364546e+00,-3.078378118511083117e-01,-8.191356408836248937e-01,-8.299035136849512995e-01,-1.947123489898120008e+00,-7.791930359345892176e-01
-1.022452562646359420e+00,-1.268255013114813146e+00,-7.608015268870026437e-01,1.675682277924100738e+00,-1.608194414253471427e+00,-1.500356744116836616e+00,-1.745888293690254445e+00,-1.819870020326737281e+00,6.168485430230244759e+00,7.485455755118569643e-01,2.497682736572525819e+00,3.308771454708245408e+00,4.212582897244264046e+00,3.507005452729840211e+00,1.116132388390968400e+00,-1.360551291902562854e+00,1.177882454849129790e+00,2.579139240021558699e+00,-1.298010217236339026e+00,-2.038766345411699085e-02,1.164814611504306763e-01,1.423566022409285869e+00,1.723750857965562489e+01,-2.856763196041574915e+00,-1.121717862812444677e+00,-1.785797849234323831e+00,-9.932665332669750047e-01,-7.624801443333813822e+00,8.337626229287188329e-01,2.703015456743325107e+00
2.292332240387757181e-01,1.147364228797618235e+00,2.480355012600964082e-01,1.736499105941995191e+00,4.569600661953818754e-01,2.302912546571357633e-02,-2.528098417416606125e+00,-1.335165474633750682e+00,4.971431413685030165e+00,-1.901134412289062492e-01,-1.673659786960856599e-01,-1.360108909536547506e+00,2.404413403410439187e+00,1.125974288905143839e+00,-6.234474257083467696e-01,-5.955232032103772166e-01,-2.664503988046332150e+00,9.697634716623928508e-01,2.803153001393348998e+00,1.177157247412733698e-01,-2.845472978361655692e+00,-3.933178903475765598e+00,2.639440018780305763e+00,4.190480135587539290e-01,2.252747585213661807e+00,7.359504107261768402e-01,-4.639088595962076456e-01,-2.008376469634346861e+01,2.802007156548155797e-01,-9.036158758557246706e-01
3.804772183800746443e-01,8.231730679483170166e-01,-1.153961273522572828e+00,-2.599099950044307383e-01,9.604632420909011703e-01,7.047145389371772817e-01,1.455941175303212265e-01,8.511519795041184999e-02,-1.470767149714110600e+00,2.031957476039706889e-01,2.082757673755943895e+00,-4.024955083545505019e-01,2.219345727017169256e+00,1.715442090149620569e+00,-9.319441062649570784e-03,3.672864334015584625e-02,-1.009486762613664768e+00,-3.461014065627518455e-01,9.027152129544707693e-01,2.133361140288049795e-01,-2.477647986122881729e-01,1.467863638902399348e+00,-4.169708383791392858e-02,6.416264540545836281e-01,-1.389747587505192339e-01,8.323236374464616505e-01,1.612697423594718682e+00,2.340497176931263468e+00,-6.826539152919408604e-01,-5.049388031788303310e-01
-9.087454933958089009e-01,-1.546222422486848158e+00,-1.446517123095697910e+00,-3.036601099711103480e+00,5.666561804609102637e-01,1.920433147523399997e+00,1.256728992291060720e+00,3.773966731426341426e-01,8.167996089330435083e+00,7.402140070193423682e-01,8.807163158377845358e-01,6.201044813142097212e+00,1.669118368849471956e+00,3.344758884068275706e-01,-1.132241580379617973e+00,-3.124091929499374087e-01,-3.451335985770476872e-02,-1.551085189781061580e+00,-1.358860781739091195e+00,8.288993412744789513e-01,1.979674457273539856e+00,-1.862783875634014485e+00,7.233051973189396300e+00,-1.354660023973698335e+00,2.259700162136249357e+00,7.229140502314576056e-01,-5.912644308844156038e-01,-5.644917859401694216e+00,4.399977818315414790e-01,4.653407502601365486e-01
-1.055824671767529033e+00,4.431272271232054860e-02,2.330933566737132812e-01,-8.680082996489372205e-01,-6.151012418105896717e-01,1.732408186998521948e+00,-3.607773119109983773e-01,1.738612067147531581e+00,5.100784658437862440e-01,4.472110520648166498e-01,-9.942723153400969682e-01,-2.180276148198129871e+00,2.028474581956310807e+00,5.463150675789377742e-01,-1.855800942061479386e+00,-1.937048377187283066e+00,8.695768662569819396e-01,-2.370829531983065230e+00,-3.926652218811712558e-01,-1.478768784945384773e+00,2.199367404325863529e+00,-1.124845654694703434e+00,1.470033230989675843e+01,-4.846611613619983827e-01,-2.428817088125425627e+00,1.159800271975034880e+00,1.007647722909478905e+00,3.568243840346937978e-01,-1.183439313943242199e+00,-1.682500521078288180e+00
9.059585604379759571e-01,-1.231210309441292505e+00,2.383163718398221498e+00,3.222307731855478696e+00,8.656582365182933225e-01,3.802653149815444777e+00,3.521248072332657797e-01,-1.373340233296672208e+00,4.375453331896097531e+00,-3.477225471513986643e-01,-2.041606921706583755e+00,6.269270446641215244e-01,2.220983059921954883e-01,-1.312443041375463748e+00,2.218257474110091998e+00,1.965970232347994839e+00,-5.893049162029588839e-01,6.894188713343683828e-02,-1.237595691219957494e+00,8.803073941616618159e-01,3.096325215962150601e+00,-2.937583137785149567e+00,-8.027249437168124668e-01,1.928412660884682994e-01,-2.280301086791321818e+00,-5.616628305682471733e-01,1.582928764978605018e-01,8.622770330253561877e-01,-2.421647918498558705e-01,2.168512750453216176e-01
1.659980968367178900e+00,1.513908324134329186e+00,-3.599773655695235774e+00,-6.358136821510981251e-01,3.225688152960822230e-01,2.581424683906532458e+00,-3.395570445682704053e-01,6.445407657322745898e-01,8.293880325707746692e+00,1.678388829629144929e-01,3.371087898130998850e-01,-1.362569853640344331e+00,7.145027619182847012e+00,1.870909612475608164e+00,5.688589941180378640e-01,8.939057894476778454e-01,-5.858454799074439556e-01,-8.354365867409172530e-01,1.310199765195305899e+00,3.133693404311114206e-01,9.397413419022404568e-01,4.083545333074789507e-01,3.374862950536519079e+00,-2.644009413977766454e-01,-1.811739689170034362e+00,-1.855748780442943779e+00,1.788652519466090718e-01,-2.083467372084088776e-01,-1.871978754208562856e+00,-6.486022706629896994e-01
-4.225585276057485018e+00,-2.595832125231192666e+00,-7.098005275980965312e-01,-4.488870463115745557e-01,-9.587625991142108006e-01,1.455690481211195042e+00,-2.837635509864528949e+00,-1.863857712765068841e+00,1.969290348550002889e+01,-1.710799783629743720e+00,5.254757280392794438e-01,1.084519446390504704e+01,4.814893702827954769e+01,-5.847266826031576326e-01,3.184908287972669227e-01,-6.661884040792834805e-01,-2.363674776739888017e+00,-2.522439141454507538e+00,1.056777816810832604e+00,1.252458797676231583e+00,-2.380288041606199112e+00,-1.075871848169031031e+00,1.874345380272054129e+01,-5.279520725775335155e-01,-1.529297625673634364e+00,-1.097427831485368266e+00,2.080337696965215422e+00,-2.307458318386846940e+01,-2.490208254646282704e+00,-1.702152649677544982e+00
-1.172044083681976545e+00,-1.726205469684401139e+00,1.110693160284152714e-01,-1.173318837655878522e+00,3.473292769698421156e-01,8.785865283803953041e-01,1.953459809641769018e+00,-1.604058068891596467e-01,9.244239975686232569e+00,-4.937318629794716363e-01,1.820909362048615643e+00,7.832054183975396544e-01,3.173198417476013944e+00,-1.031547961737399044e+00,-1.086673066281963029e+00,-1.490452055697874256e-01,-4.979639565585981531e-01,-5.434916426035838466e-01,8.382104963933300068e-01,3.359114232320039029e-01,5.179646304969773851e+00,2.974557870954762429e+00,-2.204033006151046026e-01,1.385008132105966183e+00,1.276536756154905028e+00,1.720777010709899857e+00,-2.329633849126839518e-01,-1.065125726270219353e+01,1.166859793279246382e+00,1.294890670652706577e+00
1.324359500523398549e-02,6.193043614944176989e-01,-1.864215500399278191e+00,-4.646985272242809550e-01,-5.595655543954082267e-01,1.096530614037052764e+00,8.484175920842003116e-01,3.481367163517782304e-01,-1.897801513015028529e+00,-1.446871857935799977e+00,2.719253228100559028e+00,6.495765948201423612e+00,6.101500980863905355e-02,7.785571246327857020e-01,6.908308568627445634e-02,1.545021441755751290e+00,-1.974313464352045022e+00,-1.608986427402742780e+00,4.971596097031936723e-01,8.913041348204173153e-02,-1.512025823517802792e+00,4.924468853170483329e-01,7.786009443538633334e+00,1.055718434239498293e+00,-3.885236892837753975e-01,-1.985724790040760634e+00,1.904577586472295803e-01,-4.121395138007148518e+00,3.081276045509470651e-01,1.057973804098322868e+00
-2.887750651592360995e+00,-4.049988282827110098e+00,3.496095359166118688e-01,-7.246633258862296145e-01,-6.581516789922930988e-01,2.280400663495516067e+00,-9.716622972700554584e-02,-1.467130104222941656e+00,4.545771123807008962e+01,8.608476993055769189e-02,-4.457822815353416068e-01,-1.296941027289569615e+00,1.982383846252789539e+01,-1.165519566445184285e+00,6.548663147343115609e-01,9.386484326264281641e-01,3.770278720565415909e-01,-6.130777183835089961e-01,-7.733484123207464700e-01,-1.182249303659395345e-01,3.228403978320334655e+00,-1.446795448696222453e+00,7.269146851406984577e-01,-5.411536341844785936e-01,-5.353294983530292039e-02,-9.341913047824075278e-01,-9.012933380317783572e-02,-6.646782632642055377e-01,-1.261045659306977207e+00,-3.038839793457636329e+00
8.199611481518225276e-01,-5.585448382614182083e-01,4.165978185176276161e-01,-1.238208975878396512e+00,-5.567114449672481147e-01,1.601613191587195839e+00,-3.894231428802995332e+00,-2.576320676535680754e+00,1.490988664769572924e+00,-3.485133306100500761e-01,1.251705305729230888e+00,2.540519189618666851e-01,4.653585533517844652e+00,7.346089551943297824e-01,1.843791125498126071e+00,3.285775427496358425e+00,1.649345775241859435e+00,1.692278533072960611e+00,-1.304320127837850229e+00,-6.665316485651776590e-01,3.223976821857201802e-01,1.295492686532441207e+00,5.743542435899060550e+00,5.104741447662741738e-01,-9.057554565584043926e-01,-1.605121551285074055e+00,-1.771462217187327881e-01,-4.348403042059453583e+01,1.080916969020500495e+00,-1.195098784555653104e+00
-1.121074512079392793e+00,9.731817061243087652e-01,1.257868489930431766e+00,-1.432241429042279801e+00,-1.476203566080954266e+00,-1.324526676073663145e+00,-2.637293955126938982e+00,1.003956276198047615e+00,1.832493712370215189e+00,-2.867835013715029358e-01,3.192784514608403956e+00,2.166604561641336080e+00,7.328371542743049361e+00,1.774510168667853716e+00,2.939359257377405221e+00,5.805246936467920449e-01,1.670546610575597501e+00,4.632975061998958477e-01,3.880453183823802110e-01,-7.194973884510499351e-01,-4.775435386040105534e-01,2.206527062431309805e+00,-9.815882889130675970e-01,-1.310181038185287639e+00,9.811713937848836053e-01,-1.387385437744220296e+00,1.260869314383764150e+00,-1.898577033426946770e+01,-8.614003226034528948e-01,-6.994274452925559604e-01
-1.818387856336245001e+00,-1.681559198728272309e+00,5.037090899271676747e-01,2.218207416978736912e+00,-1.738371411588326421e+00,-8.673012451851114246e-01,7.225743381899577544e-01,-1.520485774901012332e+00,6.198109596372576746e+00,-7.356540330822338714e-01,7.714858835424073247e-01,4.994165700510929007e+00,7.958814296683764056e+00,6.306535484548461135e-01,-1.457731431442651937e+00,-1.262127792687462779e+00,1.849589204589762725e-01,5.645918297138118325e-01,-4.567214941822561158e+00,-1.586885706891750791e+00,6.555804588273794309e+00,3.957700411774870641e+00,-8.909058777501627224e-01,-1.221740178995433190e+00,-3.751077580467057082e-01,-1.250742632599546877e-01,4.911159732206182293e-01,-3.752311125901734989e-01,1.640205398221958877e+00,-3.551860332976045087e-01
1.001919279141253005e+00,8.733410092743351116e-01,5.372094701430958352e-01,-8.753968806170203676e-01,2.116609566625807237e-01,8.941389434632058750e-03,1.069240691157777867e+00,-1.193085846708035608e-01,8.315296248496910625e-01,-8.696610817981097474e-01,-1.136950796527838925e+00,4.724090103997286572e-01,1.648247151676662359e+00,-2.047069990646738918e-02,1.126364452539403982e-01,5.650387298490489041e-01,-1.953187321871920679e+00,-2.492418638454509505e+00,3.220686111287818232e-01,2.099742742032332021e+00,-2.519082176544642060e+00,-1.705928218734591439e+00,1.913911457076062561e+01,1.851148336048901832e+00,-2.451390069693820450e+00,-2.930304101951457074e+00,-1.327023970809943387e+00,-4.653348252643793259e+00,-2.034740430903856812e+00,1.762491695435342842e-01
2.171346516707182595e+00,2.086061646387698421e+00,-2.414228123281782601e+00,-3.185019869807982129e+00,1.472758598440024602e-01,-5.611453049375165758e-01,3.749472520031858491e-01,-1.582936272211301343e-01,1.432219634848531697e+01,2.244903266638448969e+00,1.491141522857736934e+00,1.821578049398791066e+01,1.626785176311476633e+01,1.246814466970801005e+00,-1.014293839182729695e-02,2.235269596284982230e-01,-2.411779064048324983e-01,8.446585555969174930e-01,4.383856699684398617e-01,-1.610417978284742979e+00,1.840640134410115536e+00,-6.729262133659908995e-01,1.271682466759973540e-01,-3.380760009968115654e+00,-1.369809959614660899e+00,-1.021173872125228588e+00,3.529527057755824648e-01,3.282858470341371016e-02,9.683952747828179497e-01,3.707659663581215348e-01
-1.134092153687135118e+00,-7.190620672930787549e-01,1.898517337019759166e-01,4.534378991415902727e-01,-3.112579254358617820e-01,-1.242277062836356638e+00,-1.208265599513853816e+00,1.055005816013767417e+00,-4.268660399621808654e-01,-3.401976186833156612e-01,2.580997122833489921e-01,-8.660394378025522144e-01,5.153865582319534511e+00,1.894356748443714600e-01,-9.811431323921855352e-01,-1.062163067005515327e+00,-3.873847780826636944e-01,-2.911234636470432791e-01,9.579222259497555125e-01,1.910526320413541423e+00,-3.740398307773773467e-02,3.420539132575686203e+00,2.526607776334247601e-01,-5.714026466010863753e-02,-1.832916718433134973e+00,-4.603084809682393419e-01,3.251422889327396093e-01,-2.993018124831277937e+00,2.929713394748447719e-01,-2.691342328075893575e-01
6.773635249473691777e-01,8.423444759712288565e-01,2.626921920834765500e-01,3.215192231591652572e-01,1.027880445379789620e+00,-1.755007205084503807e+00,9.026115561354338679e-01,3.232066974949223126e-01,2.626785775249361521e+00,-4.741200944867914879e-01,1.544485101961532159e-01,-1.176462647962148722e+00,1.599727874873319466e+00,-5.921512364145161376e-03,1.135171121644215741e+00,9.515441339952437350e-01,-1.085469680060739295e+00,-1.103063610160414765e+00,1.754830166918120771e+00,4.241340380779635710e-01,1.355093684275057386e+00,-4.928183195941836514e-01,5.166512013478382848e+00,-9.365838557300920283e-03,-6.446984018268079319e-01,-2.570513720110800815e-01,1.559343158963835130e+00,-2.959359103826048720e+00,2.918348609383863312e+00,2.801978512366071872e+00
-6.953379281151088609e-01,-5.847033891180276610e-01,-1.268150570840363978e+00,1.125318771341508484e+00,-7.603128267243386418e-01,-1.839118220025005135e+00,-6.925316303496882320e-01,-2.116662377680648688e-01,2.813394917474159485e+00,2.628908197889328058e+00,7.891240610446108583e-01,2.015227642123594975e+01,1.003536400938939810e+00,8.845779634963808480e-01,-5.875689569189679329e-01,-4.067652899289060375e-01,-1.364391631505784463e+00,-2.151294649290687921e+00,-1.443706362909234819e+00,-1.822890684399057770e+00,6.825671870968760269e-01,1.635121844885913500e+00,1.348662997507948447e+01,-3.378594384293585051e-01,3.766401503828217812e-01,4.128368424428912054e-01,-8.060231512547365584e-01,-1.262393061949127260e+00,2.532564521416002190e+00,-1.872699999893398248e-01
1.918814473440930979e-01,1.247012977832174241e-01,-1.732532513872386604e+00,7.941405724228049745e-02,-4.380065688327725026e-01,9.302163439123461997e-03,-1.915794727511556106e+00,1.627762157651272634e+00,6.357683437800824011e-01,-9.461775434106482752e-02,1.486670093094389078e-01,-5.147838257683325480e+00,1.448541915453108286e+00,2.502787162889237860e-01,-4.348855991456815340e-01,1.508316651739118219e+00,-1.548470931581132248e+00,-3.798080340546059475e-01,7.731637646962946642e-01,7.869332218187976569e-01,-3.312369555822882727e-01,1.728366041977824175e+00,5.953822227851719440e-01,-1.991498981006282865e+00,-1.384076673560064918e+00,-7.584776062345638739e-03,1.067133566888039953e-01,-9.011848344460901217e+00,1.749142078507680553e+00,-1.929616695634871482e-01
8.335554258757811308e-01,-6.533556728398690616e-01,1.499790821956856535e+00,1.689397904107255766e+00,1.058194486913019844e-01,-1.495891347801247218e+00,3.074468746974626132e+00,2.614054212593700743e+00,-2.648345789082640067e-02,-3.890107680924019262e-01,-1.828322051091838985e+00,2.154850113415517576e+00,2.876100349565890113e+00,-7.443149942413244124e-01,1.969394393652526221e+00,3.266442749769724596e+00,6.327585312172564480e-01,-7.573518399501605325e-01,-1.224699052464967991e-01,-1.657262297908201898e+00,-1.328761758176625118e+00,-1.790994203707884314e+00,4.837250484364427727e+00,3.385771874990547214e+00,1.777675832346264639e-01,-6.711321512797980837e-01,-6.600919709434818206e-01,-2.658183927448415318e+01,-6.067866319234331840e-01,-5.735041340484471339e-01
1.025072963542720927e+00,3.533509392177480724e-01,5.017694878346248277e-01,-3.172206990114972980e-01,-9.384335053408029426e-01,-1.125790027789448589e+00,-9.374946815883211659e-02,-1.963037329228607963e-01,1.274357518067323003e+00,-1.018297850547573269e+00,-3.915846224029321920e+00,-1.450238112466806673e+00,2.777203301589325601e+00,2.608700707068880020e-01,1.916664449188550723e+00,-1.675633893656645335e-01,-9.048641550002656242e-01,-6.718288982815122656e-01,-1.917118028825172127e+00,-2.149179378632785631e-01,1.235328868336591945e+00,2.874424935796120462e-01,2.178717297827697852e+00,1.918387292319551740e+00,-2.525123344067421449e-01,1.770265124915923582e+00,3.804974505209962610e-01,-3.173207896144834561e-01,5.714827913246616209e-01,-1.436917458994802221e-01
-2.184028575078705625e+00,-7.158127507648217591e-01,1.994441426865871447e+00,5.692433893934203404e-01,-2.529649260823460200e+00,-7.226364091268797085e-02,8.867682107740724184e-01,-4.516682295678244308e-01,1.782941748456581488e+00,-1.159092486628782170e+00,1.683699017327258574e+00,3.749900494580230781e+00,1.643991898266256868e+01,7.351586057908140459e-01,-1.601480607614634177e+00,1.687371141548288100e-01,8.094381292412886619e-01,1.475780285256393376e-01,4.875415618483958102e-01,5.943851394335705196e-01,1.161365661411206673e+00,-7.264581696325935756e-01,1.053522084219376875e+00,1.134039516554752325e+00,1.227760785027141699e+00,1.697876301517374786e+00,-1.633723912203969508e+00,-5.445384084693102089e+00,2.394343369550121503e-01,2.567189339970950446e+00
-7.586048208223722389e-01,-1.526314852376773890e-01,-1.891519884708736443e+00,-2.311600101561780640e+00,-9.413379477626822034e-01,6.757006184324386711e-01,-4.489236134163480108e-01,8.311711507965151569e-01,2.840660411728433310e+00,2.298147810138384095e+00,6.828543743517453413e-01,1.834351216700781961e+01,2.898592615687476393e-01,-2.017730254333963913e+00,-1.278712780111077807e+00,-1.398089773452626083e+00,-1.147518984188405922e+00,1.348323674764690727e+00,-8.357081847578065603e-02,1.519095205202555254e-01,4.167856278366394163e-01,1.619794617229776357e+00,5.209201899229509714e+00,-7.692035994881515348e-01,-1.462057308095045638e+00,-1.119347636484449238e+00,1.155267306255153947e+00,-9.405526165664811478e-01,4.871488010037718780e-02,8.157166157783962701e-01
3.607975867318010676e-01,-1.281818658595322180e+00,-2.156700301829728161e+00,-1.798603657809693113e+00,-1.290652232848556791e+00,2.369939269971652607e+00,-7.067841512567750728e-01,-1.185879437903989836e-01,2.624446830103415618e+00,-1.753858805821643774e+00,-1.439616307057103750e+00,7.460357233345974670e+00,5.712103468387210725e-01,-1.330749220108889685e-01,-4.538895101791891484e+00,-7.531666617578853806e-01,-3.595257071186010567e+00,-2.264731465036743163e+00,2.356792986133836365e+00,-1.275623588942033759e+00,-2.771114821551535545e+00,-2.893869212813592995e+00,1.497214772542183958e+01,5.366141073138158690e-01,1.267040609055424483e+00,7.666453331956850636e-01,-4.650894285288753593e-01,3.417033485529681336e-01,3.840021374428954637e+00,2.527907395180525985e+00
-1.663399055532140958e+00,-1.215106845111551426e+00,8.528924756336279112e-01,4.122802449761924226e-01,-1.529651255743444682e-01,-1.333741148187325143e+00,3.367052274323548477e+00,2.852228612255535367e+00,5.333129685016912092e+00,-6.482789508066284512e-01,1.706272227195762214e+00,-1.397979893049724920e+00,5.906212214346812317e+00,-1.521142364818030224e+00,-1.756855415975594470e+00,-2.952283504015608684e-01,1.133031929931423543e+00,-1.728713153349551723e-01,6.376942242187511045e-01,-1.439990559349568100e+00,-1.523719538311234523e-01,1.447714988663092228e+00,-7.327849566448371155e-01,3.760447837371095892e-01,-4.110426473141515769e-01,7.118631244042228357e-01,-2.472799843685846266e+00,-3.286566133127306699e+01,2.326428694460130342e-01,-1.067279625791345055e+00
-2.528461365724349874e-01,6.590953795270414473e-01,4.023877693326483596e-01,-5.767326636950925733e-01,4.304050527750808430e-01,3.844814979436618763e-01,-2.018239453644608550e-01,-2.363627830610768032e-01,1.044205378257013539e+00,-1.874295966361237131e-01,6.552249577290750748e-01,-2.750840057935162619e+00,1.163134239216280008e+00,-4.500593068437453437e-01,-9.191788648261747241e-01,-1.515046433267956738e+00,-1.086103848094316648e-01,-5.747451679060168184e-01,2.238368734105960767e-01,1.179322937046095449e-01,1.206001125825489462e+00,-1.159352854150643042e+00,2.701393678567550083e+00,8.637618268477532668e-01,-1.604560091728907123e+00,-5.721007995164493209e-01,-1.801737350608852428e-01,1.662390467688881213e-01,-6.630245306543418593e-01,-9.763582019471584994e-01
-2.463517181409168089e+00,-1.231019277843869109e+00,-5.329909320308040543e-02,9.258757802984873830e-01,1.597411164033489595e+00,1.233665657095104562e+00,-6.362072885760073904e-01,-6.818537063499954254e-01,9.375705837808827603e-01,-3.211537808360223067e+00,1.142851825612292593e+00,3.083394356257851854e+01,2.068047632467234465e+01,-1.996448070342591863e-01,-3.964427202070686662e-01,-1.302556481058369409e+00,4.368556538456989657e-01,2.778014080262709573e+00,-8.262329597975408557e-01,-3.146673719916823764e+00,1.552013373907803473e+00,-8.233965483147678288e-01,2.355344220851338477e+01,-9.160390345954651237e-02,-5.972005914061316867e-01,4.821482229883667925e-01,-7.189653219768108450e-01,-2.830467935290293724e+00,-2.199546728530363815e+00,-8.007412106821665265e-01
1.145158256494198001e+00,4.966046656121277970e-04,9.939374518552982485e-01,9.202195202113497841e-01,-3.609145007404229499e+00,-1.411222818239499466e+00,2.251130071141860256e+00,2.243396044119504662e+00,-2.410521299599284184e+00,-1.507584441644615580e+00,3.536281835104495563e-01,5.162461836429107720e+00,5.079126013506469306e+00,9.445252942412100117e-01,1.950778917478921126e-01,8.004521010863056840e-02,-7.399104525743558369e-01,-1.959842091327630875e+00,-5.288638319005458666e-01,1.325737390392043580e-01,2.101127528936868050e+00,-1.732693266216331907e+00,1.255412558895650577e+01,1.660273809847856398e-03,-1.056659846789474333e+00,-1.907220000354241662e+00,-1.462021487614242554e+00,-1.743196015848279501e+01,6.955160439243075476e-01,5.036927742027618171e-01
-1.583671810604776686e+00,-2.964151005358325319e-01,-2.507079114234617156e-01,-1.794712421621588727e-01,-1.883967939094965405e-01,1.866914000375165639e+00,-6.540668103300524283e-01,-7.638226675959055578e-01,-1.156860287256966213e+00,-4.131671759799729338e-01,-1.376594077722649301e+00,-1.441717302180642424e+00,7.034971744098037050e+00,-5.400548171953359899e-01,-1.718247296811919456e-01,-1.275794016392599534e-03,1.232066311813437620e+00,1.965463704878562257e-01,5.639049022745346029e-01,-9.962384584098556983e-01,-3.081573245268780514e-01,2.656462900079225253e+00,-9.934799631545155885e-01,1.201802382240469091e+00,4.913634703170528528e-01,-1.241353358285756769e+00,-2.035130037119064816e+00,-2.509036353813539844e+00,3.488063471044950403e-01,2.332830127133106668e+00
-1.517112315886220530e+00,2.209629835674666309e-01,-2.673000601704186519e+00,-2.188005940907227220e+00,4.121284567175776736e+00,1.188560453273548312e+00,-2.337404236349681419e+00,-1.496991868983359675e+00,5.654379302660172968e-01,-3.903112778180733433e-01,-1.628456658429729753e+00,2.228198320455104575e+00,8.152662492908087088e+00,8.231426691218517444e-01,8.957413488114889244e-01,6.002955472724630370e-01,-5.097473793283110455e-01,-7.955051726562320513e-02,2.526402237437822329e+00,-4.414327788009737574e-01,1.946394427422370121e+00,-3.681869095664051184e+00,1.131420102661929578e-01,-2.028578753638559995e+00,4.801705307351836760e-01,7.966962352562455552e-01,1.004375540224969221e+00,-1.350256109249079728e+01,-1.756018230632494959e+00,-2.007438689650776098e+00
2.636993228007653706e-02,1.449775942957661323e+00,-1.930553062665231634e+00,-7.310286994053880605e-01,-1.647187700703545143e-01,-3.318265715691747220e-01,-7.668249563835649596e-01,-9.677049786242095664e-01,5.954914042521484596e+00,2.173366669353891556e+00,1.247790715721861954e+00,1.371369159443685959e+01,-9.959526104663324331e-01,-9.714444912799892196e-01,7.126418023007473623e-01,1.288715462903376352e+00,-7.439723837964140607e-02,-4.114742746205852786e-01,-2.729252548215979512e+00,-1.808105721337347482e+00,3.712771148881291783e+00,-2.225322615214917921e+00,1.678646058224037563e-01,-9.025540539486457403e-01,-7.656354510494990384e-01,3.036000128669685161e+00,1.301159473208922890e+00,-1.245354274549579587e+00,-4.606853418627114283e-01,2.227393940099180014e+00
-1.612620986797879685e-01,1.456678129296761881e+00,8.193342485892036731e-01,-1.638797155621561918e-01,-6.140618224109865020e-01,7.479461419152541035e-01,1.623214983311763504e+00,-9.245077156450483280e-02,6.246234127898579125e+00,9.354992195191417226e-01,6.325026050634325880e-01,1.555349895497892820e+00,1.518410213873756298e+00,1.071903420199415313e+00,1.698350865856004699e+00,2.270419807045936267e+00,1.072566791701126121e+00,-3.948443724217624573e-01,-1.346507842778134512e+00,-1.542915796752197533e-01,1.964886182164239825e+00,-2.837328590389845751e+00,-6.029167181434720302e-01,-3.830026605962811859e-01,-9.978381733035717183e-01,-3.633697407564496218e-01,-1.512158565512369712e+00,-8.867913409429732496e+00,1.549959181283868670e+00,-2.341987157834127586e+00
2.917693566551140538e+00,2.590915139494495811e+00,-1.727779964630762777e+00,4.063322068210650229e-01,-1.275993700568351263e+00,-2.147842493824226651e+00,1.406657583240848330e+00,3.239069847932070090e-01,1.789695236216675767e+01,-1.028294303655591518e-01,-6.673898650289847856e-01,-2.203012060770160652e+00,2.604789179357484485e+01,8.221458935817509486e-03,-6.518562304985735523e-01,-4.760094405114757565e-01,7.406908942147772956e-01,7.241895395757143028e-01,-1.009829282948674800e+00,1.021515698128867833e-01,2.890996231708762743e+00,-2.596520189190032024e+00,1.312985622045646394e+00,4.942415190572494454e-01,4.210435728976544834e-01,-1.454904093805572618e+00,-3.008017440902140960e-01,-4.778151039334376016e+00,2.249320955807804445e+00,3.531728756478021758e+00
-1.493839511535591580e+00,-2.229631183641517023e+00,4.817510550886588278e-02,-3.305965065121782009e-01,-2.205955452647574977e-01,1.357465770805469152e+00,-9.390953111762728733e-02,-1.013302951664935891e+00,1.431245961703345237e+01,-4.965481330071547794e-01,-3.037742243986932822e-01,-2.045930492622022978e+00,7.244505247206328491e+00,1.440300360935118595e+00,-6.611385212108287224e-01,-7.549539995968405082e-01,-2.712574844928170581e-01,2.155356970805839822e-02,6.539823833583302548e-01,-5.530670031443543078e-01,2.072042913900339567e+00,-4.910485167140734575e-01,5.450910639681570968e-01,-1.345924051396576449e-01,1.237297075291307502e+00,1.616075117890902302e+00,1.445573156901704404e-01,1.043076571404204289e+00,1.242006114620651580e+00,-1.579541981643268089e+00
-1.026204359815707234e-01,-1.645544027525844166e+00,-6.217244712337604423e-02,-4.771932915303407907e-01,-7.977167831742215665e-01,4.887105687258015002e-02,-4.738370858156420451e-01,-3.603878091638077485e-01,1.068020723763889990e+01,1.462542570483718940e+00,1.316366156631920470e+00,5.394177291759371329e+00,-1.530186921496962116e+00,-3.459486411214816592e-01,1.862141625334386763e+00,1.387786624244989442e+00,-1.225934776379213442e+00,1.544361382136989924e+00,-9.371484933328239064e-01,2.220837658871618991e+00,4.841464049990837348e-01,3.381737606857191825e+00,7.924073754952397408e+00,1.447940113448270116e+00,-1.300232797187700871e-02,-7.148326803813104258e-01,1.697980892567608979e+00,1.163562731576357479e+00,-1.300042221162796663e+00,-2.764780611717470582e-01
-2.476484364926151149e-01,-1.327108233467738208e+00,2.647379418555066533e+00,5.326144763389988324e-01,1.708920344045220308e+00,2.125013329801193951e+00,1.254661940711264467e+00,-4.781242200237290074e-01,3.334380295849048714e+00,-1.567281322371225416e+00,-1.603448605716102593e+00,3.283927444775708082e+00,1.867656533598157642e+00,1.102428833868470903e+00,-1.203764946179752160e+00,-7.346022194341682576e-01,9.217700287335656162e-01,-3.871005739673469837e-01,1.445016626088740583e-02,-3.094465998495822268e-01,1.309263804306951329e+00,1.010844598759785828e-01,-1.664950124103034002e-01,-1.222400750284027504e+00,4.622813858082836513e-01,8.212592547111281505e-01,-2.461630149919657118e+00,-6.025459857769904559e+00,1.529718072214313607e-01,2.045676217500560945e+00
3.490865958207463038e+00,1.013874638218153379e+00,2.399508219220677224e-02,-1.088868231360478334e-01,2.046795021880600363e+00,4.596841644900584445e-01,-4.433399942461517251e-01,-1.516884758315936610e+00,3.111521079552846292e+00,1.760910243567820554e+00,-1.124117200572470221e+00,7.535681802920739969e+00,3.404214128186004018e+01,-7.339246677845516764e-01,1.822970849899382628e+00,2.208664187803071943e+00,2.463502764132615930e+00,2.525244508284385514e+00,1.050794587139567193e+00,-1.622641839902358329e+00,-4.064436570358337164e+00,-4.088533157275687557e+00,1.867599676099539963e+01,2.330542598992320524e+00,6.703049471675648352e-01,2.580055310177165051e+00,-1.941298658045228276e+00,-1.174646098183901533e+00,3.582945800150928450e-01,-8.813372960402513501e-01
7.956845312178406626e-01,1.721333211015191100e+00,-1.156732045442279366e+00,1.372172967237479613e+00,1.045193481144638392e+00,-2.431216962550148963e+00,1.096598283756768932e+00,-4.989008209688102768e-01,7.474892358293579342e+00,-1.296491229647138421e-01,6.905840300129674203e-01,1.686867250612558156e+00,3.763155357434803783e+00,-9.229587907609383413e-01,-8.247829901008635334e-01,-2.405907909272673173e+00,-2.098825129581830762e+00,-3.471833574309545867e+00,-1.532671828966415850e+00,-1.322992332787918723e+00,-2.673946922097820256e+00,-3.360704790967489863e+00,3.771484772237646865e+01,1.218245646579154906e+00,-7.081202118761056319e-01,-6.905919876947960168e-01,1.159756047585187133e+00,-1.590552364453174050e+00,7.600799794219429417e-01,-7.683251245956472797e-01
-9.446809943869404202e-01,-1.153639075362010047e+00,1.246746649139545693e-01,3.803683852520866604e-01,6.621015282495487098e-01,-1.458570520697140438e+00,-3.502946594503264510e+00,-1.560823872565392234e+00,4.807707122780824349e+00,-1.042606733275549979e+00,-9.512004744077283691e-01,-9.699283737762465218e-02,3.971297120327775154e+00,8.013119734290499174e-01,-2.520415042394312799e-01,3.061138473177330011e-01,7.593652297807887974e-01,-1.130363856744658925e-02,-1.163828780713950239e+00,-5.452730393084501692e-01,2.293441864111037010e+00,-1.939946517743113885e+00,5.755295926623281710e-01,-1.911430389163547572e-01,-4.136065893022246032e-01,-2.390926349907160700e-02,2.879666976544743129e+00,-3.246090480661210620e+01,2.294158554370217207e+00,2.417475818932816267e+00
1.103871421650967299e+00,8.723089693011032431e-01,5.187757908562086184e-01,1.879851389159149289e+00,3.918907466568868903e-01,-2.653651466569365791e+00,-1.439788083094941884e+00,-1.494741356419391431e+00,4.119069784929734190e+00,1.531312185033225415e+00,-4.513974236195697487e-01,7.784470083872935042e+00,2.022639641419948120e+00,1.301582361606455018e+00,3.772646820582048477e-01,-2.826334899469635231e-01,-3.999948880422000697e-01,-2.436680088760780349e-01,1.424650670748922154e+00,3.743882444358374584e-01,1.768396066333357997e+00,1.269664249511557319e+00,-1.455642120115807847e+00,-4.158854174815575178e+00,-1.395196244814266961e+00,-1.748634693090677539e+00,2.080218362886818717e-01,-6.042434594791327385e+00,5.745844225776758352e-01,7.556535044010781466e-01
-1.203055795961329499e+00,-1.014270579168160769e+00,-4.991759355142636606e-02,-2.823400188060799509e-01,-7.958293965120875058e-01,-2.034830126904954017e+00,-1.337736172708886340e+00,-4.764952384612717307e-01,4.054127104011872262e+00,2.843564032539834585e+00,1.964183938032263876e+00,2.215295911252840710e+01,4.572263937872778072e+00,7.713067023534124766e-01,-1.353954440210543286e-01,4.944980319603912988e-02,-5.395020810473222239e-01,-1.420577158473355084e+00,1.002345830744509447e+00,-1.245030807196889855e+00,1.122237994080712564e+00,-1.471146465860150965e+00,5.196396746413412870e+00,-1.857345867249157401e+00,-8.661215823612656850e-01,-2.157739339667489598e-01,1.624785414206133094e+00,-3.121837129155301760e+00,-1.701770566656202188e+00,1.640566806184980519e+00
-6.266763803523129894e-01,1.183743356720260709e-01,4.070285554289166385e-01,3.304281179078505382e+00,1.919579103147189603e+00,2.618247524685020089e+00,1.570418793326420648e+00,2.236973193432733265e+00,1.392672872231104586e+00,-8.557756327651929729e-01,-3.500577948546314655e+00,1.814296253590832908e+00,1.720808488788362567e+00,1.025050322292839988e+00,6.257145976401269349e-01,-6.433550103676141108e-01,9.876986714056718020e-01,2.918169041705503952e-01,-2.124179627158121197e-01,-2.064107134950527445e-01,7.977805121870635841e-01,1.822180247289521215e+00,1.436394854823849210e+00,5.668308668467570977e-01,-1.283697107717704233e-01,-2.343796427960427309e-01,-7.619423255998830635e-01,-8.890301218417551610e+00,2.279602742766328127e+00,1.854824638931472647e+00
8.971742632360958369e-01,-8.322215206043979130e-01,7.336308369132410467e-01,6.893264607685126721e-01,6.448894766894662789e-01,-8.228360629477539101e-01,-1.615624622774305186e+00,-6.517904935967513413e-01,5.408130166227621771e+00,2.913177870550610837e+00,-2.476802176618012385e+00,2.223873233362613178e+01,5.148013050820299252e-01,1.734122902585815584e+00,4.682138242003766049e-01,1.172159382312051745e+00,6.648098497279794072e-01,-1.660924843004656593e+00,1.783739368395003133e+00,1.426261615141068084e+00,2.407735875215140542e+00,-8.668431419128403981e-01,8.651493906844127224e+00,-1.570343711513379148e+00,4.999460454909981921e-01,1.257325566014633189e+00,-1.394521298004469223e+00,-8.351859749521846510e+00,1.786173997366575339e+00,1.023251265555388034e+00
3.079520513986405139e-01,1.165466507569453025e+00,2.811313855304362064e-01,-3.008252120160136989e-01,-5.599774726992575724e-01,1.259318552938399005e+00,-1.584756516491050871e+00,-9.649881795446171306e-01,3.538213971780442169e+00,1.118421931237973510e+00,1.243257851230011424e+00,2.704533385736564544e+00,-3.952469679456129259e-01,1.027491399727570087e+00,-1.936602416770403901e+00,2.642885518612087647e+00,1.041449393177968030e+00,-9.653683460437917363e-01,-3.976212871070191834e+00,-8.532525733727822637e-01,3.415763455257998515e-01,3.147573908075840698e+00,3.290178380284005666e+00,2.262537963250456752e+00,1.316902163278236948e+00,1.070561626341733463e+00,9.117381026481301554e-01,-7.501501515042765966e+00,-1.144636987767751357e+00,-5.311755057394790258e-01
2.061384809631271187e-01,1.613191385689575208e+00,5.437923920241646142e-02,3.817916158128266124e-01,-4.149852091082724126e-01,-2.307113947137961585e+00,-1.329051398352929958e+00,-1.260412291488662850e+00,6.145207793993671785e+00,-3.799985139088271624e-01,3.936604091167695413e-02,-1.710555877230518940e+00,-3.106776172798428326e-01,-2.614135762707004221e-02,-1.015157093378042386e-01,2.394706270488962119e+00,-9.589671834202798673e-01,-1.185930962753956486e+00,8.344529039032191897e-02,1.282572321135697635e+00,6.844337191057593417e-01,2.772546573699893546e+00,3.104670377686962190e+00,4.279881035835179093e-01,5.298369641920439577e-01,-7.020708944700801979e-01,-6.772591933251348451e-01,-5.489849922473667654e+00,-3.420184930496366071e+00,-2.224693717486784017e+00
-5.444122646709970148e-01,-2.109195265837756406e+00,8.359870818324430797e-01,3.272502145083009406e-01,-6.897940713136525570e-01,2.623058327929958522e-01,-4.569584770398646412e-01,-7.800963059600259097e-02,1.214445451107037321e+01,8.844284951039150799e-01,4.189867750269796187e-01,-6.614199625299298502e-01,1.769804234838083357e+00,6.811003898657448374e-01,1.376238182341126048e+00,1.681571351076648790e+00,-4.526264895023892620e-01,-1.619293634856471931e+00,-1.396009879643256513e+00,-1.113170895357280088e+00,4.062486645250654504e+00,-2.772401659227030635e+00,1.073741790080461911e+01,1.734716640072748950e+00,2.867483755465552342e+00,2.147493406803085758e+00,1.532760313892654214e+00,-7.145584978099212003e-01,1.625090788887811444e+00,1.849848236024532744e+00
2.688891580511368673e+00,3.709751625661649732e-01,-6.022432690175960612e-01,-2.547646512652151696e+00,-1.263464026534401485e+00,-6.343918407951280036e-01,4.413255425488428196e-01,5.561030037867884523e-01,-2.417879108441014502e+00,2.602128972301353649e+00,-7.035979981671026673e-01,1.953693924852394304e+01,2.084571740515582050e+01,3.294014360453938195e-02,-2.085718796838505751e-01,1.744262030110984796e+00,1.414272403173235437e+00,-8.165733719176224703e-01,2.783306512556350309e+00,2.609677676183027373e+00,1.702104152879415078e-01,3.888922896210692315e+00,1.897733304877113891e+00,-1.294173655997912231e+00,1.414035887729038210e+00,1.764458321918651151e+00,1.639030059531780270e-01,-8.856491597770659308e-01,-1.390255122565410284e+00,-1.294644994223448755e-03
1.863235878715349125e-01,-1.390420043269979145e+00,-1.291179860831142445e+00,1.553048594372311575e-01,1.472131361057579281e-02,6.772885412974725128e-01,9.325981419340404477e-01,-3.756933377915065431e-01,4.584918295638990671e+00,-1.064355331734738730e+00,-2.498353492904105799e+00,-5.398303034067575279e-01,1.596850193546001773e+00,-1.740356105677792975e+00,-3.558402674243622332e+00,-1.009652697938294486e+00,-1.374496712030003787e+00,-6.125722875336208489e-02,-1.088842798419005220e+00,4.332922256040496189e-01,-1.022828306696843548e-01,7.729131744798527492e-01,5.080749648055831180e-01,-9.786599047055296596e-01,8.218509320286278008e-01,5.667264589814235975e-01,-5.952871609870993286e-01,-4.364111147099268173e+00,-5.629108963805671273e-01,-5.707594088326136683e-01
-2.496853771018484741e-02,-1.833222122268514109e+00,1.906687593232129441e+00,2.559306177444350405e-01,-1.413211769360372738e+00,-1.418827332750904224e+00,-1.044411432736074702e-01,1.107428874947107067e+00,1.097899789027545836e+01,8.883343323130745706e-01,8.082002802552972209e-01,1.569411581989916371e+00,8.983743652875428864e-01,6.249628634914973224e-01,-7.228729646856728586e-01,-2.181752736214530142e+00,3.733595874590902031e-01,-3.230309794254341949e+00,1.858933551373269433e+00,9.063126149203587500e-01,1.288705283536852875e+00,-1.638352412757599907e-01,3.302227374404873217e+01,1.871016174742563765e+00,1.479695476042137914e+00,1.136846767705904961e-02,-2.303558780041277121e+00,-2.030790770936371281e+00,-1.578319798238848881e-01,-9.438908771918474994e-01
-9.088541765393150229e-02,-2.552604430080378961e+00,2.460738507747703419e-02,-2.295802943052946521e+00,-2.975956654991049680e-02,-9.671211264104905281e-01,-4.045099761636391511e-01,-3.945525118795217279e-01,1.832194838661276037e+01,-1.104446172276492277e-01,-2.665160169284594427e-01,3.220586542409871189e+00,4.303253322546303217e-01,-8.663657685627509375e-01,-2.129154584810820872e+00,-1.097842583184558407e+00,8.974722206887912890e-01,1.289221643064044853e+00,-1.388448449952419894e+00,-3.173999236380165012e-01,2.040589030509318835e+00,-8.575307318853542249e-02,4.915926829639948537e+00,-1.879145729203433035e-01,-2.183599337767010429e+00,-1.897729764957052145e+00,5.028768234650050628e-01,-2.004738696182993163e+00,-3.521200317408806346e-01,-1.066010648614798439e+00
2.710949096700720151e+00,2.598567999671066442e-01,5.465997752499316409e-01,1.931580846230531723e-01,-3.453008095992067539e-02,2.540455304560947369e-01,-5.295030868541011904e-01,1.690682217174296786e+00,-1.732297219171345937e+00,-2.570858167462008570e+00,-5.959520562762352647e-01,1.514911849237087260e+01,2.040433292187746162e+01,-1.157560022069511696e+00,-3.427018014422006154e+00,-2.693769175654197046e+00,1.867068210205102607e+00,3.605588733400221235e-01,8.786659761488728737e-01,8.998720324779482249e-01,-2.419540308151415520e+00,-3.198340372548385879e+00,5.920997652162557356e-02,3.853681032038271947e-01,4.203162763302787930e-01,1.723040028051127548e+00,9.469025660370186115e-01,2.913435573579069571e-01,2.802715185633754214e+00,8.654010278925313715e-01
-1.315732339204907619e+00,1.229443534733666743e+00,-1.560331458976400354e+00,-1.200064221279697252e+00,3.792087484442330236e-01,7.403343248588484249e-01,3.003113919797843145e+00,2.913018180171601745e+00,5.307269787667401317e+00,2.470729069880652773e-01,3.235843315129447006e+00,3.997689764702613946e+00,6.648061216726532052e+00,1.048536003085625223e+00,-3.830942241071197407e-01,-1.656141702292754481e+00,-3.450959998031055687e+00,-3.447698222266832868e+00,-6.331675006339944345e-02,2.037234482954459192e-01,-1.037429019328831581e+00,2.932989115370923106e+00,3.547339763662683509e+01,9.621355501962171042e-01,-3.162839922136989390e+00,-3.628009409258935669e+00,-4.654536805706452895e-01,-2.239168832457470870e+01,1.474839371422747902e+00,-1.224390781694632280e-01
2.310471193074678520e-01,1.038844236991940395e+00,1.294237850081389363e+00,2.777829197968540331e+00,-1.305227659619673020e+00,-7.245543118960646733e-01,1.273902811764397569e+00,-5.253696157501126507e-01,3.122784341566904320e+00,2.893932168034094379e-02,-1.680839133286598175e+00,1.586520608366041696e+00,-1.357321802400186517e+00,-7.428483620981191082e-01,-3.385095273779325509e-01,-3.247483757725535103e+00,1.098556989837601527e+00,4.683862381292316357e-01,-1.553947165904504324e+00,-1.871313814779457463e+00,3.809493841712550122e-01,1.640775406546173265e-01,-5.745084930403829837e-01,-6.197011044265339219e-01,-8.566155222737713570e-01,-2.120796108321419737e+00,-1.823000024733776092e+00,-5.239241331281454528e+00,5.491206334183712512e-01,-8.854953229522269931e-01
2.267952015534128396e+00,7.636027111409499080e-01,7.161863057365788210e-01,-2.681729502124233777e-01,-9.572704914587982783e-01,-1.783154374361843431e+00,3.059744502251613985e-01,-1.255367903247061601e-01,1.117948111185747440e+00,9.789251781578232059e-01,-2.119567393960532176e+00,-3.988196591643973221e-01,1.636977690972531718e+01,2.491075083935837764e+00,1.338856406522375586e+00,-3.427968533644340510e-01,-2.864315063938801753e+00,-2.204937126762300803e+00,-4.334373613111564549e-01,-1.089000064499815679e+00,-1.882792770463896037e+00,-2.448457140421032463e+00,1.280991326983992273e+01,-1.990400119789085820e-01,1.126679854441219764e+00,-1.938611884870098945e-01,-9.995777817682057753e-01,8.787947520364418619e-01,-2.471948692834255445e-01,-7.967426774216125607e-02
-1.431317866051455556e-01,1.268594902611241304e+00,-6.738527444931875776e-02,-1.300643000286904272e+00,-1.700647743158531844e+00,-1.830697732884332796e+00,8.003179912018579811e-01,-1.144340176688599664e-01,4.472517202584413987e+00,3.627009460796561391e-01,1.035912512617831016e+00,-7.987796853649118400e-01,6.166412368693604540e-01,-9.702704011045394372e-01,-1.395557653275316008e-02,9.492009597035812318e-02,1.530389505547660400e+00,2.624241440739766840e-01,3.069982973724531217e+00,9.629051202841355517e-01,-2.002006198927825498e+00,-1.839332808147215115e+00,-2.036321433680744253e+00,2.041842756932862601e-01,-3.097262476221911420e-01,6.232774088133928858e-01,2.484819720009291411e-01,-7.488653405811784847e-01,5.366960841082820677e-01,2.771669786633172428e-01
5.354567469969854221e-01,1.330301797507577932e+00,4.512235412581159788e-01,-2.289918152581550681e-01,-1.215744222502653349e+00,-3.113102833920382562e-01,-5.480574178630360782e-01,-1.896079091019903906e+00,4.886462268317290913e+00,-2.480677672620639207e+00,4.830269610376707323e-01,1.683246145714393194e+01,6.844061556622449416e-02,8.585027918204228559e-02,-7.898874584056874149e-01,-7.795103424133142944e-01,-8.498624519189907911e-01,-6.157505151230051599e-01,1.255133132905718485e+00,9.875502140655209593e-02,-4.910564192831399222e-01,2.441834792984534097e+00,-1.716975948712675670e-01,-2.045389506957808301e+00,9.176965601941201589e-01,-1.415271644582364985e+00,-1.491322640628161666e+00,-1.684516254429703652e+00,-5.888538697457600390e-01,5.936127441587583098e-01
1.155267887278093486e+00,1.428281375006512421e+00,1.989294450459524743e-01,-4.643220806074884743e-01,1.367269808347322257e+00,3.006118097106986742e-01,-2.738079545461908015e+00,1.615828189625735378e-01,3.310467303795857852e+00,-1.046075923810622088e+00,1.078225070731817281e+00,4.293864903519581944e-01,3.482377841619683778e+00,8.439864637458376340e-01,1.603391496051346454e+00,1.298877359378231455e+00,9.440247823284799722e-01,5.063260818385554307e-01,-1.231539987426211596e-01,1.756403444839225614e+00,1.256842806175316518e+00,3.707416432081398483e-01,-7.204602164970116407e-01,4.582946223192835844e-01,-1.894848095309983105e+00,-1.908840193303074528e+00,-8.511059911533093159e-01,-2.051221940115580367e+01,-7.096685998054184930e-02,-2.030653880454480920e+00
4.384330937021990171e-01,2.946342948752929569e+00,1.228856494529043220e+00,1.303775155175502576e+00,2.586626368066805348e+00,2.435405183332703505e+00,2.121631551733237919e-01,2.514489788248824187e+00,2.429592681145799560e+01,4.614744261157779359e-01,2.234529923918309624e+00,4.394201711142300959e-01,2.736461107197703524e-01,-4.504896369886222107e-01,-3.338432810883325441e+00,5.895036840297864789e-01,-9.268196587714769841e-01,1.318021230195056681e-01,-5.722420464024850772e-02,1.340937781359148762e+00,8.329108254395665156e-01,-6.298443545763743323e-02,3.545115892161059268e-01,-2.367741672984030946e-02,-2.623759782702503873e+00,1.355409334984258862e+00,-3.014557857790101103e-01,-1.845657908013072390e+00,5.792105398479280298e-01,-2.245743639915288359e+00
2.175901897204699065e+00,4.736402794490319756e-01,-2.855370685707523948e-01,-1.231004408194927402e+00,9.359107742572858601e-01,2.423636394641500935e+00,2.162982204003217335e-01,-1.544562208228818401e+00,2.138835380238308215e+00,-7.416157578030422304e-01,1.397646794421309790e+00,7.040589378788070229e-01,1.275550745945421482e+01,-1.339246922705984888e+00,-4.283387693191727519e-01,1.631960153836253813e+00,-1.167378205892097842e-01,1.212986903420701257e+00,4.506527782639642710e-01,-1.204498494818530663e+00,3.206291792019335229e+00,-1.621615586562922706e+00,5.339648568444324894e+00,-9.362659445497465427e-01,1.339289881835681095e+00,-8.056468728132974988e-01,-1.401860650639908945e+00,6.601537786910889327e-01,-2.812614320897440567e+00,-1.114837361897396795e+00
-3.535443563688167590e+00,-1.830570440463906046e+00,-1.914972602296299842e+00,-1.228488776835073182e+00,1.733891197615888835e+00,3.151517469658652093e+00,1.843299028793539573e+00,1.157741808273799800e+00,1.145012815851026744e+01,2.626032341254691982e+00,1.290742303990004114e+00,1.995319042653783725e+01,3.401980764604786600e+01,-4.277688780151419401e+00,-1.699236164672293659e-01,-3.119695424551582441e+00,-1.028291097493461981e-01,-1.609160408808898657e+00,4.318652510589831572e-01,1.075790678074773243e+00,4.386451267100186513e+00,8.957347890909926891e-01,7.950482070711684557e+00,2.253938194523451344e+00,1.582234903219387867e+00,1.026325198467494593e+00,-8.278611179186105007e-01,-1.027256608137666127e+01,2.738430002386709194e+00,3.484724619497472919e-01
1.208746844600652182e+00,2.004589814929705671e+00,3.667019356151841603e-01,1.583502875148392164e+00,2.386492690343877232e+00,1.872650218483933093e+00,-2.311699018239429027e+00,7.300257102697633727e-01,1.092171332516008775e+01,1.542669465623318192e+00,4.094734494761396726e-01,7.993137162675293617e+00,2.850604961732505771e+00,-6.499454750160299499e-01,-1.251414269495098930e+00,-1.792447408697667610e+00,-5.229540355816622021e-01,-5.022657154845898697e-01,1.570535155238984348e+00,5.564710788192062108e-01,1.980142329762933917e+00,8.197370021023580033e-01,-4.338462748133746771e-01,-1.790964505157365272e+00,-1.472032474389084911e+00,-5.565543572664789496e-01,-5.154647415802493526e-01,-1.512014822813683779e+01,-3.238480571212967618e+00,-1.949055352740125091e+00
1.184397082611762686e+00,3.723898688432846216e-01,7.753047135898063491e-01,-1.929810049260876958e+00,-9.190353501664987323e-01,-1.945163092534965277e-01,-5.421769192427803308e-01,-5.611482977424714358e-01,4.377636507279885625e-01,8.984048320473896065e-02,7.632302567476786925e-02,1.008426438994079133e+00,3.787227775654139705e+00,7.523157483228365416e-01,-2.470263767553167789e+00,-1.406851808624420386e+00,3.977865238436046336e-01,9.460717351753029636e-01,-9.262723730356553498e-01,8.486346407143151582e-01,2.648750208928327243e+00,-2.001636152524870926e+00,3.162450495524884886e+00,-8.893259331519758060e-02,-6.573360403422718878e-01,-1.875469800609712800e+00,6.955807527467716689e-01,1.485634549745074029e-01,4.943161044718176744e-01,1.934996196136692159e+00
-5.275970092955699631e-01,-4.127794567896601041e-01,3.312330590909539740e+00,1.350217309220498985e+00,3.533485838656268974e-01,3.260084251358790208e+00,-6.091050100614786578e-01,-2.270983141516327741e+00,2.884062127266875386e+00,1.018973111649541741e+00,-7.989974810995424948e-01,3.339497809668086958e+00,-5.200417469226832345e-01,5.671112421022144190e-01,1.773429063587928234e-01,2.850445137000659490e-02,1.169660481156231002e+00,1.585006901211771513e-01,-1.334032087974622138e+00,-9.618026484837742807e-01,-1.871122427348514972e-01,6.111581793634250914e-01,-3.444868673587802466e+00,-2.735838307607654674e+00,-2.072803883757057708e+00,-1.205166317409742005e+00,-4.648424184039503526e-01,-2.885250915625047430e+00,2.554385801526389610e+00,2.601640193847627458e+00
-1.150678338301678760e+00,-8.062097451223103617e-01,-2.168217860212895864e+00,-4.366769930906624908e-01,-4.219204524469364476e-02,5.468000474863037308e-01,1.472207336868327721e+00,-1.187361306717726883e-01,1.660314705665034252e+00,-5.793702533434118562e-01,-1.151580678962111692e+00,-2.396375780533024802e+00,4.028913806686496457e+00,-2.013958050867675542e+00,-1.263056026387471942e+00,-2.236693155057024818e+00,8.658223785528533778e-01,8.427788052127647145e-01,2.230531101891516599e+00,9.954198597268822946e-01,1.757816937260950452e+00,-1.288954409919453648e+00,3.734935588743690804e+00,-1.127801411924866049e+00,-8.358285967094404301e-01,-9.041817941049816731e-01,8.809895267295408949e-01,-5.064993299609255928e+00,1.812857822766174243e+00,-6.325692074953471744e-01
-1.665544699024097408e+00,5.422203275597196198e-02,-3.864655553823592715e-02,3.966345730954722870e-01,1.639502859151456216e+00,-3.101262916226178445e-01,-9.678215709558469770e-01,-1.299818078695349932e+00,-2.495993451010714903e+00,-5.517710451526125492e-01,4.960357877602522558e-01,-2.012577890565799166e+00,5.997958878239225911e+00,-6.313222580369990400e-01,-1.524361583770631245e+00,5.734952126935823902e-01,-9.456819403971104820e-03,5.660773732836010819e-01,-2.509181550759358864e-02,-3.687380729218769360e-01,5.775226676310367679e-01,2.509299650088177014e+00,9.022071923119190373e-01,-1.051457585841144571e+00,4.424177542408561092e-01,-1.013432025094811895e+00,-9.979108487048519993e-02,-2.391166453839281392e+00,2.440242185959832888e+00,1.168506072682765851e+00
4.721201806270848289e-01,9.436329110592935887e-01,4.828314603871226574e-01,-8.135350877775677780e-01,-1.941532492639263419e+00,-2.292293694023639361e+00,-1.032282266416267191e+00,-1.216610468135766121e+00,1.777897575183171375e+00,-2.467012866326293352e+00,8.006921324358653447e-01,1.529272017704093045e+01,-8.578300433025002336e-01,-2.337144118839442619e+00,8.272949994172699162e-01,7.577633327213427750e-01,-3.083075190330215154e+00,1.428454860766466272e-01,-9.527643500005118504e-01,-4.662866341732915254e-01,-3.327469750591716569e+00,-4.640410897579381633e+00,-2.458475085343890587e+00,-1.062938598338917018e+00,7.387441514475310278e-01,1.345642936718822735e+00,1.201406979714388923e+00,-2.029728156258915117e+00,2.073961675014388994e+00,-6.676380584046517352e-01
8.816123956769379433e-01,1.519953138981240182e+00,-1.269217161014070117e-01,1.772366803638466826e-01,-9.864970874615476282e-01,-1.354617834529556752e+00,7.454500391657969960e-01,-1.111383345522060084e+00,6.538721277124501796e+00,-9.501833748742234409e-01,8.064038575712785262e-01,-1.318292477840057542e+00,4.281486849242359671e-01,-1.873144888855822476e-01,1.272270898158087249e+00,-6.070573565699567686e-02,-1.836653031006320047e+00,-3.667633427747578168e+00,-1.607434482628170569e+00,-6.195122511915713837e-01,1.062083829514639977e+00,2.179690134106813115e+00,4.106042818021617080e+01,2.931083717174489678e+00,-1.329152756356209553e+00,-2.542089763597725205e-01,-9.196323093234083368e-01,-2.903618829425508974e+00,-3.737663125885102439e-02,-4.507988268335177962e-01
-9.138434110574845670e-01,-1.224720106394552310e+00,1.343584793497790031e+00,1.358886865212766581e+00,-9.862931146958495709e-01,-1.534778568605827731e+00,-1.736679787964486410e+00,-2.402139151749883017e-01,3.730382138658436819e+00,-1.588365263757637535e+00,-9.001228027286066746e-01,6.482716525074689429e+00,2.167114779930069624e+00,1.344243699382932533e+00,9.883590880792358924e-01,-1.639349996008982180e-01,2.746433486850856642e-01,5.273235510088707390e-01,2.740206853485202543e-01,-7.506430884797140601e-01,3.792214488618624202e+00,-1.289186437252219930e+00,9.847922136230519152e-01,-1.246708517283195983e+00,-1.658126226904276690e+00,-1.094199113608370855e+00,-1.818696000372248767e+00,-9.191589416155675707e+00,-3.880813816507261982e-01,-8.079205045078485803e-01
-1.314838858956658196e+00,-4.084236180686741380e-02,-1.105370346148512706e+00,-2.558411933295846818e+00,-2.089781893936859092e+00,-1.088833827006387756e+00,-2.329582186899156415e+00,1.133579811828201445e+00,-3.270521817949476606e-01,-1.875595152809493182e+00,2.621381938289119251e+00,1.405077328194125741e+01,3.879539796194811707e+00,-1.964393079265134290e-01,-8.526651508336198226e-01,-2.570023104110830570e+00,6.718704737855991649e-01,-3.515524379172572100e-01,1.316683918337986592e+00,2.593111282781229487e+00,-1.303917321136998986e+00,5.275956584637631064e-01,-9.593094184321808715e-01,-3.140030001879058341e-01,-8.991800959854941988e-01,-2.252668722128763346e+00,7.553309987356238153e-02,-1.634381530705090668e+01,-4.646317606159536817e-01,-1.085431255415511886e+00
-9.542568378250028127e-01,-2.801850388786904400e+00,-1.546785208878844964e+00,-2.018847574395014721e+00,-2.598903173785040849e-02,-1.878748619002138964e+00,9.783109761434528595e-01,4.882331619971631564e-01,2.482343089425798155e+01,4.256284394455502884e+00,-3.147482000538543989e+00,5.586148134137668819e+01,4.110020840613140436e+00,2.524964429970636637e+00,1.295533907256408268e+00,-4.288225703281650647e-02,-1.245655765673682053e-01,-1.285292678737952388e+00,-1.754780510228510115e+00,-5.738774872814177141e-03,4.739254510078612093e+00,9.636969447636842823e-01,5.586409247194545458e+00,-2.388352075400991481e+00,2.078169596456935775e+00,8.084899123208411087e-01,5.589727430146789189e-01,-3.650176229189232124e+00,1.739893155461385232e+00,2.984696253902993313e+00
-1.506044517847192399e+00,-2.433492948956202717e+00,-6.179601307812987443e-01,-2.982308870188486380e-02,3.172271154551694061e-01,-9.782129564429333790e-01,1.398268196614529613e+00,1.391855085682626392e+00,1.622936429889826115e+01,2.364881999553944070e+00,-2.027079962286530423e-01,1.414950521821152840e+01,7.265483390599155378e+00,8.878477192455949130e-01,-9.367041487137568456e-01,1.922888526477312676e-01,5.936079473676152407e-01,1.404509498029632431e+00,5.602076801164168618e-01,-1.691274190055894744e-01,1.532162908677765500e+00,-3.849990709384458754e-01,6.755206189854990662e+00,-4.311569010588360285e-01,-1.421834642285506600e+00,-2.874258659265539695e+00,1.608120297295321910e+00,-6.377727888900743380e+00,2.385122959347359295e+00,1.855138647081047587e+00
-1.718337819897636232e+00,1.311914469515232051e+00,5.681840873715159335e-01,1.225397852161192042e-01,9.583980943966770027e-01,4.969162334160622807e-01,1.549153908457082951e-01,2.855559163325792627e-01,3.689529369685142779e+00,-1.879837086864669216e+00,1.571989056938233764e+00,6.749786261231964346e+00,1.030934574522308544e+01,-1.061203813560350623e-01,2.138643111303282662e+00,1.739824172197719010e+00,-7.219677601468540429e-01,-1.487799933304435385e+00,-4.598084311277964353e+00,-4.135196153939309838e+00,4.617986988819016148e+00,7.706107931190817606e-01,7.264829111811759610e+00,2.794077093861296879e-01,5.078225531276860938e-01,-7.674314519865952366e-01,9.196685717909643953e-01,6.623808577723570012e-01,9.240590420522398069e-03,-6.696692460696300475e-02
-2.302683129329906375e+00,-1.867694249888614544e-01,-2.358253130214178039e+00,-3.144580013068991153e+00,-8.076723068747370116e-01,5.949472577938752504e-01,-2.746460729085746788e+00,-2.533662021382937724e+00,8.539713440861655958e-01,-3.823821464904448852e-01,5.474883938346299939e-01,3.822319817486610649e+00,1.479538512047731302e+01,7.999718213515683018e-02,9.476005551752939571e-01,2.236621664998636572e+00,-7.546910350265697565e-01,-1.870103541608919784e+00,2.076014381754641980e-01,1.929676171347787683e+00,2.093549363191572699e+00,-6.155992260794426185e-01,1.347085815191270441e+01,3.443572127327580112e+00,1.283974350933983377e+00,-9.764675453579860220e-02,-1.270324902674446088e+00,-2.219985694305453450e+01,2.042671495482710764e+00,1.469622764455409847e+00
2.237990397125325881e+00,2.013957273174546536e+00,1.443093588036186592e+00,-1.229328312944973467e+00,-6.143744362162866235e-01,-7.485508421105850907e-01,6.378365688609681783e-01,-1.433508861321122874e+00,9.997639585905812254e+00,-1.979996307332435368e+00,-2.715087178597250350e+00,1.029755348934250136e+01,1.457821852287223585e+01,4.399635937017574716e-01,-2.137837159278201060e+00,-6.664250592778777627e-01,-1.188998422439658587e+00,-2.363471623496166352e+00,3.129913931077522360e+00,-2.157242388320511628e-01,1.210424280990865631e+00,1.848987930450462391e+00,1.524164479666751149e+01,-2.077822343626720247e+00,-2.702685519797102032e+00,8.517138102224455221e-01,-1.741164349248969012e+00,-2.380600475129210025e+00,3.834548926744323072e-02,-6.652580709241349144e-01
3.901465250581475641e-01,1.639444383330532773e+00,3.537498782921493667e+00,1.732287254256661413e+00,2.186753450219783568e-01,2.263513916649385838e+00,-9.445376786759892562e-01,-1.045652572389631052e+00,8.340505208040671192e+00,-1.257367472407878273e+00,8.632789971566741383e-02,4.777717309341166008e+00,-1.527426578558534809e+00,-1.413124028238207583e-02,-2.326610961277459477e+00,-2.320488432080698438e+00,-8.546199984076102707e-01,3.516428196178844057e-01,8.158009343037544436e-01,-9.881496082980247009e-02,1.825736164902542535e+00,-3.381498766695472113e+00,7.563707582789098716e-01,1.262865939122945091e+00,1.426626345461646128e+00,2.007649193614248206e-01,-5.182689452479376513e-01,-3.021485080719303440e+00,-1.526878943195392413e+00,-8.083057870463124239e-02
1.226701952008570018e+00,-1.855543114882589384e+00,-2.046172828245438335e+00,-2.158659124311145039e+00,1.253142585639692053e+00,-1.432534680747500622e-01,-7.639384360543738373e-01,-5.601834645596268647e-01,8.914204005250208951e+00,1.438731313593126115e+00,-2.347985035234714246e+00,6.741791238911036821e+00,4.138910658716428159e+00,1.683518066603354679e+00,9.142177453220351468e-02,-4.334368599440490688e-01,2.533803270081092407e+00,4.629966777535636790e-01,1.871177418805382242e+00,1.226719814404067188e+00,-4.034982072462277358e+00,-4.156759461561532198e+00,-1.314412866111501765e-01,1.476529233287158016e+00,1.429078706001836618e+00,2.153081756785311107e+00,1.887330303963859146e+00,1.155569265978767746e+00,-2.264047254020031819e+00,-1.625332886506772212e+00
-2.945391627691814618e-01,-4.455868964736813820e-01,1.329982631029285933e+00,2.220126349962379564e+00,1.763885875219959765e+00,-7.106330762701298376e-01,2.150305431069947371e-02,1.551841115153267392e+00,-2.777418376748012063e-01,1.621318105917471275e+00,-5.312197693534851523e-02,8.762604180610530591e+00,1.286039896382405456e-01,-1.841350884294371326e+00,-9.087533691198121932e-01,-1.915979697465639564e+00,-4.686216749396237558e-01,9.757853699838475725e-01,3.208682789215850484e+00,3.883488090009928673e+00,1.845326931554986505e+00,6.537651135072056752e-01,2.189963830629875208e+00,-6.275157272371779671e-01,-1.806782574662478602e+00,-2.523334597096684728e+00,2.786227170283905319e-01,-1.090201717011259230e+00,2.458345304975392553e-01,2.101610135537052837e-01
-2.935114721008932559e+00,-1.132736229264495575e+00,4.517439444474002919e-01,1.298464278680472317e+00,-2.183553337796779459e-01,8.272441188844311677e-01,1.094988801993317384e+00,1.885411463893453821e-01,3.490222988650343083e+00,1.778680297731132010e+00,8.704294639126817223e-01,1.103244681777765202e+01,2.341685219445889032e+01,-4.943511318928979770e-01,-2.560421554331377081e+00,1.125285678848702564e-01,-1.665866858940344475e+00,1.118467295179835119e+00,1.338166642553101582e+00,2.414861397881593319e-01,3.834977924293960783e+00,2.542725654773612121e-01,2.750723823331073348e+00,-7.768429639719072188e-01,1.759611601535497227e+00,-2.778842828976769708e-01,-1.616174161604370552e+00,-3.117022124909105685e-01,2.702218050605018629e+00,-7.754744432391520725e-02
2.648439217658047351e+00,3.773745639860981438e+00,-2.038372066374123659e-01,7.477901653921632530e-01,-1.180372409631321284e+00,1.436183962763974309e+00,2.558994054651515082e+00,1.919306499521140408e+00,3.909804426009807798e+01,4.345597625682429688e-01,-1.296333678907190867e+00,-1.734572121820893598e+00,2.127252685887907901e+01,-6.066407340892879807e-01,-6.931768347463975743e-01,-1.242439271444628845e+00,-1.234438385090302237e+00,-2.748792664972018462e-01,-2.018124184429135770e+00,4.936192387241188917e-01,9.450199125035324554e-01,2.206151932165508534e+00,2.066994500012944158e+00,4.568319208507624629e-01,-8.381373410849785044e-02,3.385740294180884291e+00,9.611524609342770864e-01,-1.774000721115952928e+01,4.542986887916440897e-01,2.907935116257165387e+00
9.229812003566971457e-02,1.188995215727976618e+00,2.429547357818678144e+00,8.183550827428148766e-01,1.035865418199923560e-01,1.151614832365747354e+00,-1.546380281709526905e+00,-1.543202062822515153e-01,4.275062185117810110e+00,-5.454116986254271549e-01,9.675262832137704327e-01,-2.105695884258671491e+00,1.054310116197136660e+00,7.079806539895142081e-02,1.555969019544940934e+00,1.171882686113683070e+00,-1.007031409897664043e-01,-4.868902746978424623e-01,-2.164311441020052573e+00,-6.201175975262372686e-02,4.473900549443338370e+00,4.234508329027595330e-01,1.076982931382821862e+00,-7.402729766879230233e-01,-8.924693483156922458e-01,-7.489053721031527777e-01,-1.163738097139193073e+00,-6.742499619896469731e+00,-1.319888103270586699e+00,-1.915334662636165364e+00
-1.707418315500808470e+00,-6.150778913702071860e-01,-2.324977544185798717e+00,1.519251449656718218e-02,2.026438206624207317e-01,2.485986609957044069e-01,1.148822504570729680e-02,-2.494787007124443345e+00,-2.006069571471664759e-01,-6.639059047646288514e-01,8.383834548434049294e-01,1.067379273997303590e+00,8.613868681872592248e+00,2.298159705845738976e-01,-2.778835344101668881e+00,-1.804090836603844616e+00,-2.003738718167125565e+00,4.773482281731295518e-01,-7.069580794809907642e-01,1.768938452558340035e+00,-2.914057732611857521e+00,-2.808190995787060551e+00,3.823078087055136187e+00,-1.588322429797631719e-01,1.275681870078228419e+00,6.471160660023934641e-01,-1.281468322829767414e+00,-1.726776676048168646e+00,-1.782854423768991114e-01,-1.290451976866975770e+00
7.794947303507280267e-01,-9.217932386356015861e-01,2.986845764311870655e-01,1.406973774364002283e+00,-1.063213638401534267e+00,-1.800842190976425172e+00,-2.166790766809388202e+00,-1.854937628501828417e+00,3.050366488852157776e+00,-1.342980530904790859e+00,-9.277757071866979954e-01,2.177878179907941192e+00,7.700859767577048487e-01,-5.325157637794978305e-01,-8.636291280642078849e-01,-1.735154307539911400e+00,2.075028264200874606e+00,1.249687836166658350e+00,-2.959192042649729237e-01,1.837506955206255899e-01,-4.000362183975802566e+00,-3.017212402297683838e+00,2.882444755924591817e+00,-9.164413025741294794e-01,-1.361296890449792185e+00,2.081282512955842101e+00,-4.499488517672619592e-01,-1.429737309032254977e+01,1.349855755930396972e-01,-3.732022712224818961e-01
5.507168172366633252e-01,7.444654254266238613e-01,9.073496784821779571e-01,1.007241287699439214e+00,2.549453013020934120e-02,8.405186140748504009e-01,1.421780663972429748e+00,4.760678595148614689e-01,1.272785220546198470e+00,-2.617720681497244239e+00,-3.050118591543022450e+00,1.680262559221370466e+01,1.130599673120787019e+00,-3.518335869723019815e+00,-2.162392359691997612e+00,-2.920172244951943608e+00,1.863291802840980838e+00,1.370746560977523565e+00,-4.928598737206023039e-01,4.906223893625908383e-01,-1.952707742848815986e+00,-2.914670749935102112e+00,5.771650415575868998e+00,-1.893547066776459509e-01,1.312623874839237592e+00,1.287925038838886760e+00,2.847114916861906431e-01,-4.601319649527599864e+00,2.826157029480532490e+00,2.583745810946131094e+00
-5.364765264152111524e-01,-1.572371776616237060e+00,-2.649065463404011833e+00,-1.541213400192028571e+00,-4.977891410033727926e-01,-1.976843417634743583e+00,3.396743712693402889e-02,5.949951234346677609e-01,8.289397956034457948e+00,1.681830047035283715e-01,1.621639236170049569e+00,2.084083494403201176e+00,-9.600814043437839729e-01,-1.473183187366265523e+00,-4.407203520956363141e-01,3.268099290176164629e-01,-5.997641360579625269e-01,-1.709324874125546678e+00,-1.098344779770099588e+00,5.046879500429876098e-01,2.836545659292819543e+00,-2.699081906485474747e+00,7.679729783738280524e+00,-2.481282974876824476e-01,-6.724408019829321015e-01,-4.533465566484704001e-01,-5.936657355883011578e-01,-5.553521116499923749e-02,-4.075760465468340477e-01,4.118966218821725200e-01
5.789027113241790312e-01,-2.593588420875715617e+00,9.091633778050609571e-01,2.037857042424870091e+00,-3.698754364652096505e-01,2.900943390346678030e-01,3.199299247926041256e-01,3.095149035893335343e-01,1.935569497500098990e+01,-4.323372377457809224e-01,-1.762663308174794885e+00,-6.989925265126548659e-01,4.880214975040544911e-01,-1.429043533028444779e+00,1.849206690390627905e+00,7.234492150490419160e-01,-1.093722428929061241e+00,-6.299703032048399320e-01,1.114850936666967884e+00,-4.652322999881843280e-01,3.148423746393226086e+00,-1.890097835243125024e+00,8.389157945422860418e-01,1.512501282002483016e+00,1.951255811474639001e+00,2.095465280072274616e+00,1.589804540648920961e+00,9.637395419758261195e-01,1.495662228320634890e+00,7.982777262740700652e-03
-6.679907485213703033e-01,-2.333143874574004517e+00,1.924047808280291427e+00,2.482097305412655164e+00,2.325783572763474027e-01,6.873505082949412648e-01,4.118988017923147282e+00,3.595245090968360202e+00,1.316679849611637287e+01,-8.962709312103006587e-01,-5.734097756234440846e-01,2.680241101928414693e+00,-2.788973088874278083e+00,-9.810301539658752290e-01,-2.416026346983481510e+00,-5.309502282560637498e-01,-6.016873779156368673e-01,5.226778400933590474e-01,8.500756898562338293e-01,1.200631126685131500e+00,4.320957937842583974e+00,1.058465599499525789e+00,-6.306782951268703474e-01,-3.210988728217871291e+00,3.098482206346599432e-01,1.020330275439660150e+00,1.241549923048312243e+00,-4.489694301931027098e+01,9.627574101010524243e-01,1.551448295954111600e+00
1.841068359436612623e+00,5.748021374885458057e-01,2.193794829489221332e+00,6.659205845638687116e-01,-1.301908036155651871e+00,-7.913889973948321499e-01,4.155882413620825000e-01,7.945098148839901953e-01,1.323951384295666500e+00,2.007872197314632956e+00,-3.209639897318575574e+00,7.841302129402090593e+00,1.160650171847583856e+01,1.599577857930803315e+00,-6.337716368008057266e-01,-4.779351995043837342e-01,6.304660314744898741e-01,-6.010438063416014831e-01,3.947575382689844266e-04,-9.662842267089750969e-02,3.241032672652973012e+00,-2.151614336666502147e+00,1.566963000253256411e+00,-3.838579778213146998e-01,-7.936603339676596702e-01,-1.750013343785057351e+00,7.625153250934292304e-01,5.901434387660045022e-01,1.878828903807244322e+00,5.654433894397892929e-02
-2.895323918306822897e+00,-8.710410616889669999e-01,2.574542024261044837e+00,1.104816485410203164e+00,-1.288529269067188787e+00,1.291446208818242791e+00,4.639234448024776580e-01,1.646611785613427692e+00,5.780466795486596254e+00,3.616476039767866912e-01,-2.491751855128001125e+00,-2.015789898456493923e+00,2.298414638808830190e+01,5.936460361995022916e-01,7.088166897113147291e-01,1.248277850158585389e+00,2.925222960492115942e-01,1.095277773660820131e+00,9.489514012659964193e-01,2.504022931564325649e+00,3.925357595100078090e+00,-2.307353097738380932e+00,3.286075933118115966e+00,-1.102580575536749707e+00,1.035596018005675356e+00,1.034282940837409237e+00,7.541299583865366252e-01,-5.667520097651537192e-01,9.878767305395688147e-01,-4.916250218233319536e-01
-2.749537630043558459e-02,-6.217334910351034714e-03,-4.707134028244913670e-01,-3.686546965048979711e-03,1.235060117071528740e+00,6.720196540364884452e-01,-8.970364714483746171e-01,2.500129689481032091e-01,7.329671765955028118e-01,-1.794920593175755696e+00,-3.822271809664898323e-01,7.992983953007513520e+00,2.796623375730382222e+00,2.345996510712781369e+00,1.120894455090836184e+00,2.128065629592058805e+00,4.092188328850788342e-02,-6.927431393401792259e-02,5.098783994955169430e-01,-6.168686784799440881e-01,2.566663991833007863e+00,-4.088050376760956617e+00,2.488558539387905721e+00,2.703485257471515801e+00,9.158645297510771277e-01,9.243718338030065471e-03,-2.023902342185687209e-01,-2.175272360274866479e+00,-1.857882549846466835e+00,1.058569888276604587e+00
8.195589177278482795e-01,1.991199664568844119e+00,1.985497096094545944e+00,5.498477132476788931e-01,1.609074226097130245e-01,1.386514909710969023e+00,-9.899941845852232580e-01,-1.915329522479089774e-01,1.247436187815659991e+01,1.341610792422893494e+00,1.437197486999803320e-01,4.879875142664266363e+00,3.177670056263607989e+00,1.851126763729319613e+00,-6.267009159843324184e-01,-2.482191328019559329e+00,-1.197056139907004990e+00,-7.479350634143282495e-01,2.309569509897637651e+00,1.654777830615256962e+00,2.739745184513735499e-01,3.096047865393675824e+00,6.118538752086406518e-01,-9.181710462789599569e-02,-1.999159211588097174e+00,-2.697598001180989247e+00,1.731771310569251821e+00,-2.181752354772047653e+00,7.800870361751557347e-01,-1.538424791473834485e+00
4.578387857220450607e-01,-6.845176553425981192e-01,4.246841292199722284e-01,6.487366975968973382e-01,-2.376968339907845174e+00,-1.148231055429592251e+00,-5.887364457673744944e-01,-3.640621467249292031e-01,-1.027141178971252122e+00,-6.419269652475755317e-01,-3.271473679299551907e-01,-1.714234959124828928e+00,1.642102053040921383e+00,1.748695092861316747e+00,2.049928042757366953e+00,1.256710979064441513e+00,-8.857851141674901729e-01,-7.474925883208208832e-01,1.327530034842813622e+00,-1.006060412276006844e+00,-4.882809444666391663e-02,7.026874486859924218e-01,2.976213961560500110e+00,2.328463099590496910e+00,-9.111448472404871657e-01,-1.206854164693665465e+00,-1.453294353389261495e+00,-5.296355252745152953e-01,-2.140065869605926319e-01,-7.665709561678615280e-01
-4.355156169945150757e-01,1.109111669995614280e+00,1.409598902609484172e+00,1.797305903736324817e+00,-9.030586522244870018e-01,-7.610213582853725400e-01,7.300665672524370153e-01,2.518173116031973802e+00,4.359709150133836530e+00,8.395017863012036452e-01,-1.398774688827691071e+00,4.450765623922627867e-01,-6.512177870788484757e-01,-2.419887259803651158e+00,2.087247957613418858e+00,1.001084918796755520e-02,-1.027352103047001419e+00,-1.244582075394137441e-02,-3.714796138782623935e-01,-1.431436429905440066e+00,4.779206925027361663e-01,1.787195847229335666e+00,-1.961394164838895726e+00,-6.329918359141973871e-01,-2.820939596303773111e+00,-2.635453345942610603e+00,-2.295214357462091181e-01,-7.785121361208249269e-01,-8.542345219638822554e-03,-2.426826547899977593e-01
-1.249762064611050327e+00,-3.089806394946160051e+00,-1.556452760430346860e+00,-2.126456539808428137e-01,-2.972474162107359777e-02,4.695263464103116013e-01,-9.230861393439587781e-01,-2.571342670304042066e+00,2.925800017721399726e+01,-2.701063457631921461e-01,-7.781039169452304005e-01,-3.142731927129974068e+00,3.321977344716350533e+00,-4.471134646169190319e-01,8.833267530861740324e-01,3.067096934219366577e-01,1.426881146973973113e-01,-5.371805840118911712e-01,1.991327098600293555e+00,2.017741718180813937e+00,3.049272187581445692e+00,-8.702154402844604064e-01,6.055325606937738137e-01,-8.825687139828687633e-02,3.343330704637649531e-02,-9.021437891751367122e-01,-2.230538233490541256e+00,-3.960512037606289670e+00,6.012202787445303231e-01,-4.013096898569742943e-01
3.231921488704151968e-01,-3.119810551377990016e-01,6.904357124011513414e-02,-6.694439847799710241e-01,2.774587519969287097e+00,1.242567301940684432e+00,1.099319258659355203e+00,1.069783355308832951e+00,-6.077879849704381776e-01,1.048410553540376045e+00,7.709247909125073184e-01,2.105240120377105395e+00,-2.519760156401653628e-01,1.205337716643364171e-01,1.924218548854966127e+00,1.545900733230656909e+00,1.776840825963473369e+00,-3.899312197323590024e-01,-2.601572706747630193e+00,-1.736239461164987841e+00,-1.052800491997190280e+00,1.462628896044537719e-01,2.017350967542521190e+00,1.281701619258266867e+00,-2.053536600625804009e+00,-1.831710480661439266e+00,7.112435816658084775e-01,-2.466919666134606004e+00,7.797641742122110031e-01,4.942484680279071729e-01
1.113194436449226998e+00,1.064780116108323016e+00,-2.482526153761692722e+00,-6.491283574515893662e-02,7.215902828148009762e-01,7.506135014563936059e-01,1.433366526420558840e+00,2.022051272796020704e+00,2.104120832558820986e+00,-1.754936250770754436e+00,2.325888774313000507e-01,4.378556717283839106e+00,2.805068446333504273e+00,-1.274064605589342980e+00,1.021931478395094128e+00,-4.327913362683806497e-02,9.277169021009074035e-01,-1.054341564288773903e+00,2.869089580857518307e+00,-7.011457070848331474e-01,3.960263945172168842e+00,1.286742933663890032e+00,5.445966175651500762e+00,3.272282607346090888e+00,-2.006100953622442784e+00,-2.552613501068551116e+00,1.968758046270983719e+00,-4.644759415946711378e+00,-2.082171962195317416e+00,3.958927895228680355e-02
-2.699001861142448222e-01,1.401326412726904835e-01,2.308622505905242317e+00,5.806813568225254185e-01,-1.750659378984019021e+00,-4.116853275872813245e-01,4.220278024443579468e-01,1.163055180021637769e+00,-2.004329550292657469e+00,-1.169691039578701020e+00,3.363189702963159888e+00,3.826694922577840163e+00,2.505494947916779847e+00,-7.132556821703791572e-01,1.285084481364542563e+00,-8.141957449762932120e-01,-2.061902754807872995e+00,-1.105979033847547699e+00,1.992739397155001591e+00,-1.156977727881926127e-01,-2.171468140313900008e+00,-3.258451691893490931e+00,-5.788385697935125584e-01,-2.156484199821352199e+00,1.417727686017461464e+00,-4.600995226568773688e-01,3.200282479437416505e+00,9.547089596563990144e-01,-2.763249978596151180e-01,-1.904905256095507760e+00
-9.673572381751364135e-01,-2.843570713526552218e+00,3.016040825350716492e+00,-1.104863734574961676e+00,1.177039270010813432e+00,1.032762961264238610e+00,3.314680419095478170e-01,1.044076123740296902e+00,2.482227707281084861e+01,9.862506017309341511e-01,-2.267928742838724310e-01,1.398613535530842000e+00,3.524683780407445788e+00,4.807794856206966672e-01,-1.096496432475396299e+00,4.876420462512786463e-02,-4.887457958656577506e-01,-3.319938156733737156e+00,-3.727698368519390959e-01,-1.077967580246091739e+00,3.029324565758297005e+00,-3.924710781791518777e+00,3.112302790949556552e+01,-3.155722078470700964e+00,-1.854776618478018557e+00,-2.825867254422636865e+00,1.071449079145949224e+00,1.237706003275168554e-02,-5.664501533211349082e-01,2.545796248148108898e-01
2.800651224512966664e+00,1.822480401283395057e+00,-1.187020612270476283e+00,4.828801476424340322e-01,3.701427691614655457e-01,1.767878096141104471e-01,6.846988604760402275e-01,1.320364962381137763e+00,1.106794666955514650e+01,-6.984578108097018179e-01,3.409322536537377157e+00,-2.699335528041679755e-01,2.072754164900458207e+01,-3.349681162365369946e-01,3.070770275841898211e+00,8.730148810655826708e-01,-2.710525647772318525e+00,-2.184566001606801589e+00,-1.949621053154749761e+00,-6.875118851688929444e-01,-5.722120195417412347e+00,2.751995877479342489e+00,1.220004676220689532e+01,-1.596631586365157895e+00,-1.908503771831718154e+00,-1.785865901292452484e+00,6.220140340329272099e-01,-1.019007364407797489e+00,-4.968318758567679128e-01,-7.294210233365601148e-01
8.529094405477612995e-01,3.360709763805983297e+00,-1.707112427558380718e-01,9.546253099851924329e-02,2.744240409595251062e-01,-5.042157719801384497e-01,-2.522619951671076333e+00,7.506441499643847770e-01,3.024904419072975159e+01,7.237560678329437724e-01,1.737599740200905574e+00,1.423416823667427611e+00,1.380541665379328320e+00,9.942759128436685634e-01,1.276006296011314323e+00,1.727590057630749687e+00,-1.459340176992015348e+00,7.625148614732917274e-01,-1.809914922125366754e+00,1.598883946021845415e-01,-5.007614180397395032e-01,3.241354003373196235e+00,1.318888712093789550e+00,-1.105967018090405762e+00,-7.912321460882064672e-01,-2.193731034283429859e-01,5.699959207444010856e-01,-1.633938069884566602e+01,-9.945536719060138475e-01,2.369731002692926136e+00
1.824940410842387672e+00,1.222753523761348493e+00,-2.304709979786498386e-01,-5.940884978098071034e-01,-6.884003802744463885e-01,1.944957284395146146e+00,1.155917146558653741e-01,-1.270762242560126154e+00,4.372430199397866701e+00,1.200469458773019804e+00,-9.645878067816667789e-01,1.117793089578572152e+00,9.049373036924537317e+00,-2.924382469959623254e-01,-4.271524498282349147e-01,5.517356837885932785e-01,2.053152850631779547e+00,7.882708077836925176e-01,8.571996745675061202e-01,1.081865222255590675e+00,-2.067409512972884222e-01,4.860427150869222501e+00,4.855979069121642233e+00,1.459625213317728987e+00,2.546828756117394565e+00,3.138924448738270367e+00,3.688072199942331597e-01,2.838816714250085860e-01,-1.389628412695177229e+00,3.275305414035790674e-01
-1.823142457289306906e+00,-9.013510714423044190e-01,6.427974376252244548e-01,1.476042156661844684e+00,2.914481619922814737e+00,1.534442310248248287e+00,-4.954219343759322380e-01,-1.242474159129526523e+00,1.309439014985241734e+00,8.212100681535262625e-01,6.387449263462074978e-01,2.372098077036206565e+00,9.395790357993245578e+00,-1.466812212691853246e+00,-4.029843161934957840e-01,-1.370368749823386745e+00,7.751517959822336046e-01,2.407557133135923344e+00,2.854008139870021776e-01,-9.817974746934109431e-01,3.713138870161142080e+00,-1.615451313720612792e+00,1.629498322381800435e+01,2.300508101273234310e-02,-3.102032638550591415e+00,-3.168386038599365628e-01,-1.073505296456338742e+00,-2.213147716679318311e+00,1.077663655772998386e+00,1.872352250807187424e-01
1.354358277308029157e+00,-1.098439767246984999e+00,1.601965314016036812e+00,1.754214630279442355e+00,-6.558908600543493783e-01,9.436210553352357422e-02,2.267139865345610752e-03,3.963961762196341332e-01,1.304083055583488804e+00,-7.271550954279527579e-01,-2.646528020414593563e+00,3.280520779711515456e+00,6.690420091662046431e+00,4.280722087202681880e-01,2.369761274897987380e-01,-4.733776470323391439e-01,-1.530532845385832452e+00,-1.023325481051406305e+00,-3.797742274546558883e-01,9.485383001232925437e-01,-1.191603523429407341e+00,7.170534086333097967e-01,2.056126451024300472e+00,-2.128082764736489996e-02,1.217957009049710937e+00,1.131193687003815507e+00,3.029734658647990742e+00,2.851675449889777170e+00,-5.277067989892029187e-01,5.112540045494585739e-01
-1.855895510043058971e+00,-9.880552190155706960e-01,5.309336129701309748e-01,-1.243619660392821374e-01,-7.355790735169548400e-01,4.105367889072765175e-01,-1.835273861642948076e-02,-6.129513428665723795e-01,3.598063035197613058e+00,-1.085403102136186515e+00,-1.774620917794145769e-01,2.541985005978925072e-01,7.629999093052571624e+00,3.608711539959656989e-01,-1.568484576211426562e+00,-1.217895082537292228e-01,1.250851349174511018e+00,-5.519071259443668609e-01,-6.747686711324030195e-01,1.604660337473610365e+00,-6.201095048349443140e-01,1.441320769349811570e+00,-3.191112761697518785e-01,2.299421313136881029e+00,1.419749419946314539e-01,-4.000581408819492979e-01,-1.592966690799317186e+00,-1.952622691420226486e+00,-9.215409954208327037e-02,1.508270820412108915e+00
1.324347225601284928e+00,4.354249463035831519e-02,6.519606276498007835e-01,-2.231346082201537129e-01,1.625309590622914691e+00,-5.022997883869901870e-01,-2.844228872827115895e-01,2.584512790433964646e+00,-1.245482802820206958e+00,-2.232483690940313126e-01,-7.607555676265974620e-01,-3.573488900577422633e+00,6.559616874225232763e+00,2.288005621557673397e+00,1.704853549274208679e-01,7.790457290080742281e-01,7.050096185126619730e-01,1.284087023767898073e-01,-5.559472869325953193e-01,-2.771339927414503190e+00,2.450074045578967130e+00,-5.736290984138712190e-01,-2.584895790274065686e+00,-1.571849521175629760e-01,-2.208935274932322113e+00,-2.819083543549461002e-02,-5.075693778273689949e-01,-7.030523064389606613e-01,-9.546823945845622772e-01,-2.635579712949163156e-01
6.157323135629572119e-02,-3.660974567219458242e-01,2.358495088247033689e+00,2.948289027736063161e+00,-7.921650124589204589e-01,1.775931566376792725e+00,-1.431958363256030653e+00,-5.407756316271488117e-01,6.440627155667404402e-01,7.467662254292878332e-01,2.184249600326849450e+00,5.843159067370005566e+00,2.446634025230783216e+00,1.748831025423799534e+00,2.444295318813441753e+00,3.194793628112284178e+00,-1.383863390699359300e-03,3.594943161643928686e-01,5.430450124806818213e-01,3.445704401602960321e-01,1.394994095002166645e-01,2.023943358773631740e+00,1.817248081771307033e+00,-4.848910788410899508e-01,6.188678519769904435e-02,-9.161235143220611832e-01,1.844581568645153880e-02,-4.207121975624837695e+00,2.195697150944431186e+00,7.914300840016281757e-01
-1.720411731882106332e-01,3.568932425629686156e-01,-9.630079519167392688e-01,-9.946049620141687864e-02,1.352999683975142642e-01,1.538471839537266739e+00,1.318566661345474067e+00,-1.325828015621584921e+00,1.217757349942050205e-02,-2.598723589014515944e+00,2.672981613197336515e+00,1.915303357301155884e+01,-3.821502024110690954e+00,-1.254040505080650458e+00,7.339567013615470037e-01,-8.486032390126531100e-01,1.953634699783974860e-01,3.097989343727150513e-01,5.348047331194476228e-02,1.532281675988834413e-01,4.870425277766450733e+00,4.192070468622326018e+00,5.246605818110131048e-02,5.682707046119016558e-01,-1.705247000853812311e+00,-2.134903319403634647e+00,-3.174887313331696159e+00,-9.388883744692087419e+00,-1.995887054290750307e+00,-1.932014998133536055e-01
8.822178308885099129e-01,5.215020694675861490e-01,-2.641074562824676231e-01,-5.325283519127782528e-01,-1.952525015811099163e+00,-9.504134077732195873e-01,1.068177342347669923e+00,-1.733865361585903431e+00,1.686717878814824711e+00,1.977690556054653825e+00,-2.235677697380230866e-01,1.058989001047480372e+01,9.780414065697549120e-01,3.822102511232165767e-02,1.345100984529059795e+00,1.012632450207894053e+00,-1.762301187149678317e+00,-9.969572995284116113e-01,1.952513596842083698e+00,3.996510163012743644e-01,2.414932981416693103e-01,1.909960643678822123e+00,2.426234660917237829e+00,-2.755949958507135200e+00,3.724401423457173177e-01,-7.377325294402216072e-01,2.003902147680689527e+00,-1.796101935314763143e+00,3.160701147190059235e+00,1.896596370482509286e+00
7.809080493389700672e-01,2.555073990093724490e+00,-5.428550430148757489e-01,4.170493511574069334e-01,-2.506221149989451558e-01,6.610342845485710495e-01,3.320848261809744018e-01,-8.087961256940101595e-01,2.060578520085948639e+01,7.839183904964121263e-02,-5.607002977887581840e-01,-1.513191680425477914e+00,1.559566178385824564e+00,-3.320682032857328880e-01,-4.301848755051138062e-01,6.612394223445414720e-01,1.677796138184134866e+00,1.650770867829661759e+00,1.548396932002429338e+00,-5.486429002145977174e-01,-1.623497173262604676e+00,-3.647374627390572721e-01,1.136003796125497445e+01,1.732151203013129637e+00,-1.742324358360144654e+00,-5.264410045978393793e-01,-5.767124513717666323e-01,7.656320416156223718e-01,5.904443980917533086e-01,2.333179762068809393e-01
4.376412020315292306e-01,-3.411764303183511537e-01,-3.939962091464589422e-01,1.134662013965882510e+00,-1.237262542133491072e+00,-7.437588326489171786e-01,-1.788567602633411302e-01,-3.701559685896699814e-01,2.250108153902041774e-02,1.939915230710634042e-01,2.866017460748965795e-01,-3.300710910353326089e+00,-7.047761345942160638e-02,4.326717279536416161e-01,1.860452159656291071e+00,-2.468696635377544135e-01,-4.832823251731032665e-01,7.064298516011101592e-01,1.274048957619225986e+00,1.700419346437560320e+00,3.651238817265630932e+00,-2.383728939573729111e+00,6.941806385623816578e-01,-3.772374997776267724e-01,-1.172039367216305639e+00,-3.166194937292659550e-01,7.666929571532085097e-01,-3.756199926027901093e-01,-3.686793921111609640e-01,1.352808687107402763e+00
1.766898634345767105e+00,-6.336364548477493308e-01,-5.854543812279719983e-01,-8.246570525493057691e-01,2.302591584656914048e+00,1.383701153872696210e+00,8.440042929924564952e-01,4.750173755167080292e-01,5.184353615724168751e-01,1.336901701553732391e-01,-1.733182059497174743e+00,-1.073003679331302251e+00,8.425179173515992659e+00,-3.282610482124605489e-01,2.031440295705180255e+00,2.561810095904766715e+00,6.612761000099998121e-01,-1.406463338976839506e+00,-2.289864443721311371e+00,-1.497997590855846051e+00,3.657537685767145774e+00,-1.361169777972711881e+00,4.435752630314841127e+00,-5.104259157898296539e-01,1.128271490184913128e+00,2.123286160650460275e+00,1.284070789147652158e+00,-2.802486569584597298e+00,2.268858059625383117e+00,2.086240695499006481e+00
1.113411985450342812e+00,-3.140957001684395178e-01,1.606821616639928063e+00,1.774590152385155273e+00,1.152858744021609677e-01,-3.829783116932615195e-01,2.819163444558681952e+00,5.580330944347509092e-01,2.969899117053365067e-03,-1.856409972550709719e+00,4.396169769744576739e-01,1.038016502521788986e+01,3.322796359185034909e+00,-9.571520967443869488e-02,9.305596773645570530e-02,-1.301130548721118663e+00,6.860948108284976588e-01,8.822788200481193055e-01,2.717284532129407904e+00,1.633848019348795866e+00,2.641873718827845163e-01,3.091715145088251848e+00,3.035881296475153590e+00,4.716201474591510956e-01,-1.498181249172450658e+00,-3.407580464735232351e+00,-4.466268036951563936e-01,-2.359151377087809109e+01,5.951612162939451389e-01,4.112750363934054021e-01
-4.497092464014305624e-01,-1.421665417846706081e+00,-3.455283816291695453e-01,-1.410071931502406839e-01,-1.140765399019993520e+00,-2.102617482360234380e+00,-9.762994197527842255e-01,1.116972996704073129e+00,3.005447520169765241e+00,-1.115269706340390465e+00,-1.763648696857243348e+00,6.882359274415132955e-01,2.722157481140082824e-01,-1.047216217674074024e+00,-1.308005924175458912e+00,2.012839714673797797e-01,2.583423753219762808e+00,-2.678571039617357874e-01,1.253095215904042936e+00,3.576110273079354251e-01,-3.660968579629557240e+00,-3.818350982805973626e+00,-2.156208829074186539e+00,-8.973818676507185899e-01,3.235555495011653848e-01,4.366397874610629393e-02,1.015909870044558794e+00,-6.289630024839722999e-01,-1.489151984725997302e+00,-2.343670732560449999e+00
1.766357711150193799e+00,1.179403093144922421e+00,-2.697647739920801424e+00,-2.425970629575057380e+00,-8.561870950765092594e-03,-1.780889910064259896e+00,-8.280374823529434991e-01,-1.430646598362137256e+00,1.086671447972290316e+00,-2.817010728088079397e+00,1.315641759950630929e-01,2.838003898646325851e+01,7.522399984222436942e+00,-2.034773518502763778e+00,6.400228392624470741e-01,-4.213950620076052922e-01,1.892050105142230931e+00,1.115270522485193982e+00,-2.287583817265993691e+00,-1.922299702564747248e+00,-2.862116053072475630e+00,-4.323848294953005045e+00,5.616332038541584915e+00,-6.293304068104241811e-01,1.140200002196412488e+00,9.477043842964470999e-01,-1.536945338658548543e-01,-2.189399981369886561e+00,-7.562869397136822158e-01,1.293476732629270654e+00
-1.461350107666600229e-01,3.784203579758691482e-01,-1.697557794990206814e-01,-1.184608684851096605e+00,-8.656099146689706647e-02,-1.458825620588464766e-01,2.161950567751615537e+00,2.385579066927269398e+00,5.610591192844170960e-01,-2.965676818381624003e+00,1.165604667683695972e+00,2.612653370284925103e+01,-1.810216075176836581e+00,-2.663564837495684956e-01,-1.259776698114805082e+00,-2.028166545854176217e+00,9.293001124574389316e-01,1.931377570278207945e-01,-1.172569713446028061e-01,-2.848235009152355612e+00,2.611250313482460506e+00,-4.000766626735354770e-01,-3.898155593525902685e-01,-7.310365864072316811e-01,9.372985657791235159e-01,-2.804217865292366163e+00,7.893471684762234930e-02,-1.267379582269091465e+01,4.310160260027744439e-01,1.466241195019810095e-01
4.596287861823791232e-01,1.511004831818408611e+00,-7.930425280746391525e-01,-1.754295465711403601e+00,1.143957916480136811e-01,-5.801037217978863847e-01,1.781523943981651703e+00,-4.173672558619481721e-01,7.170082082518606903e+00,1.984647745882074932e-01,-2.070905406172421637e-01,-6.956646737823878324e-01,-9.167948494356561451e-01,-1.192049770415021026e+00,-2.446599807593845100e+00,-3.219709273543196887e-02,-1.300226436882094549e-02,-7.039173668008326390e-02,4.304331359336604490e-01,-1.554301522055402840e+00,4.657873157291701816e+00,4.922713459617988896e-01,7.445501742014165591e-01,1.061125663561714116e+00,-2.621281765231896488e-01,-1.789328894626747823e+00,-2.640819782648180514e+00,-9.818758034134033252e+00,1.611035502015335741e+00,1.706880840686548995e+00
6.379507770177526849e-02,2.228191514034343790e+00,4.365441415526651880e-01,-3.092827614936606295e+00,-5.061258407616117116e-01,6.122924580104930348e-01,7.915990988260845906e-01,-1.753319777199098817e-01,1.414368920634106530e+01,7.328480043774539265e-02,-1.068018638523076103e+00,3.957956171111928434e+00,2.815073941441954108e+00,2.575174482096537876e+00,1.614767084573472067e+00,3.854253348917957012e-01,-1.485493557300943818e-02,-2.745272761692015839e-01,1.146314810661833938e+00,6.104246633071565009e-01,4.952544184049608944e+00,1.034198038043211199e+00,1.009745713726718952e+00,-4.649744738310330194e-01,6.728545472614805290e-02,1.775862757385669566e+00,-1.200908193208968522e-01,-1.785371456057613271e+00,-2.729427736542587579e-02,-2.886490687001272426e-01
-6.018092995632844389e-01,2.299559465173869888e-01,-2.598727793160265365e-01,-1.476488594687073608e+00,-2.369681346112840759e-01,3.573532555614895578e-01,-1.424149835085473326e+00,-2.094174758416828208e+00,-5.894717590259196394e-02,1.304137372956960972e+00,-1.431959447722958689e+00,4.077265003027700452e+00,1.476317420115504930e+00,6.868917764584847596e-01,-6.885635047553546606e-01,-6.264845965166877528e-01,1.677119553174454492e+00,-5.153978890127890455e-01,1.839455656996579203e+00,7.271371176042030759e-01,5.339896326665626303e-01,1.090366141203376049e+00,-8.316965310553563473e-01,-1.703226072165577865e+00,-1.076008897816827792e-01,-6.352193716363863096e-01,-2.698368871749084796e+00,-6.217635890305414748e+00,-9.042415404387510458e-01,-1.491537306557178644e+00
1.403499798925109232e+00,9.379781765383011782e-01,1.072533868069508900e+00,8.518345161782217012e-01,3.703380189868763495e+00,-9.147540947137373646e-01,-2.673868342947262278e+00,-3.017710045487653203e-01,4.407237229127205502e-01,-5.314672546691919797e-01,4.336853807904192948e-01,-1.289479361287022563e+00,7.765908290508237499e+00,1.929021728943590253e+00,4.710473231522922521e-01,2.230103639779071223e+00,-1.368703206551526996e+00,-1.590391809464812178e+00,3.985670893038430473e-01,1.237515981360978318e-01,1.214277300229626433e-01,9.588461779653441042e-01,6.641054477481739937e+00,7.132746556640445768e-01,4.861941712354315992e-02,-4.982235228328090182e-01,2.557626152571457201e+00,-1.689102975160776410e+01,1.272902002772166918e+00,-8.281674470271125355e-01
3.746619784340089743e-02,4.249615737175905239e-01,-1.927783801223057258e+00,-5.493880451369518303e-01,-7.885253757949619580e-01,-1.329383835774975431e+00,-2.626814074166000434e+00,-2.652914543073826015e-01,9.025241009178547325e-01,-5.319749422810644557e-01,-2.036499053445964269e-01,-6.436413275047411231e-01,-8.457418015170511394e-01,-5.112902339720587497e-02,-1.010939192193382463e-01,2.694873025928664068e-01,2.197425959415578056e+00,1.098131561672205381e+00,9.732299125428153230e-01,1.309605514423594297e+00,-2.905037274717495954e+00,-3.229212748862562599e+00,1.365039972197025886e+00,-6.859652894205207074e-01,-7.249430069277563726e-01,-6.430441629204818321e-01,-1.938284071805838504e+00,-2.018291550337175266e+01,3.165655923205710209e-01,4.544490062801194719e-01
-2.940582269469850463e+00,-1.618646694425275312e+00,-3.567161148731449738e-01,1.008095500469439632e+00,3.414481652016502777e-01,8.065365546043110623e-01,9.414226613390237475e-01,6.262280777910458340e-01,5.106327489986894008e+00,-1.225930567865831211e+00,-1.196738704729641611e+00,1.808822458196661875e+00,2.254748892584986564e+01,8.935829245528683629e-01,1.682973495996388680e+00,-5.607353201512853547e-01,-1.213535784123006334e+00,3.750612908382288113e-01,-2.104287808512353974e-01,-9.993811332847463147e-01,3.385400195537835444e-01,2.806678024471435329e+00,1.937058865730942658e+00,1.134434781340303733e+00,-9.527343771534814432e-02,-1.643050791564279578e+00,3.385855656037863426e+00,1.509971192362575820e-01,-1.323083359200772913e-01,-2.156985463050525187e+00
8.201713592422900101e-01,-1.929993406354835461e-01,-2.235855573186611434e+00,6.860360581854155378e-03,9.484598061026883187e-01,1.818229601213680491e+00,1.236603484130997632e+00,-5.257289489989360742e-01,-2.604058900190400205e-01,-7.855471561397282532e-01,-2.350445531235388352e-01,-5.927059432457879584e-01,2.900632789914223686e+00,2.008299411270236146e+00,-1.946460596005299193e+00,-4.659169102029391274e-01,1.628543780403247654e+00,1.555953241092024264e+00,1.101511690854963810e+00,1.037420794781033662e+00,9.445245293235593476e-03,1.515427668526261762e+00,6.103204004188988563e+00,-9.676368021945033204e-01,1.683165537385743205e-01,1.169545897190398920e+00,-1.389006180821627190e+00,-3.584880648993296504e+00,2.115439515162679918e+00,6.843231098762042608e-01
9.626383040256445423e-01,8.811792397998436943e-01,-2.982475721491650855e-01,5.191457536628532043e-01,5.184984372094031402e-01,-4.463837674235438674e-02,-1.181823949491985992e+00,6.380888324678994916e-01,8.831374790437684918e-01,-1.328366974682738455e+00,-2.070840014809143703e+00,1.124878381757028478e+00,2.510978500047361894e+00,-1.236583387070242734e+00,1.218120116454457502e+00,-3.383025670172667421e-01,1.992094242271165827e+00,3.122879903058077833e-01,1.535906124465099554e+00,-3.889206841527366176e-01,-2.383155233194617306e+00,-4.458913059091393016e+00,1.247449271565278961e+00,-1.851345933644000130e+00,7.068561607613272901e-01,-1.775443221591006537e+00,-3.608470418590390416e-01,-3.211166945012773333e+00,-7.766019032134172662e-01,-1.884820500306031432e+00
-2.252070240602946694e+00,-2.110394088991523809e+00,2.983744541284824026e-01,-2.583208292920998253e-02,3.308864196942780111e-01,-2.232367126886065645e+00,-2.682166493761744430e+00,-5.108519485504118274e-01,1.375864334820725432e+01,-1.144151372634958780e-01,-1.565795402227813771e+00,-5.023877349284271432e+00,1.497949321783067234e+01,-1.076854202918852588e+00,6.343265488268635954e-02,4.532779588217377698e-01,1.539795436101053072e+00,1.342452784772879770e+00,-8.000641947182577374e-01,-1.288978009505421074e+00,1.502814443097091557e+00,1.224875775189703947e-01,3.565470325457126055e+00,-8.895836890568339372e-01,-1.710352626881284366e-01,1.433210474524769573e+00,4.856221087757117139e-01,-1.927771428636708606e+01,2.105166236255921586e+00,6.872037156830327342e-01
8.811332454954486915e-01,-1.513780352596350465e+00,2.841908442493136233e-01,-5.490742633669105643e-01,-8.560544133125851385e-01,-1.705983580446110981e+00,3.036140989498534282e+00,3.826582003092009465e-01,7.288448797471667184e+00,9.713054941659263752e-01,9.771693210247317518e-01,-2.343979691575291735e+00,3.978278521983868998e+00,1.274071812018171546e+00,5.013555450829312171e-02,-6.558793793520583115e-01,1.683775479419134413e+00,8.052923721407301283e-01,-3.628557661671950041e-01,-1.176453853124640903e+00,-2.203444287929141154e+00,-4.085339535037973313e+00,2.023899849598764344e+00,-9.069758225815275354e-01,1.152341689271595554e-01,2.163915575574317796e+00,-1.228098436674757821e+00,-2.668714481514415127e+01,2.929896986376016255e+00,2.350062571467372852e+00
-2.092638097807394182e+00,-1.190925586810980263e+00,7.125618368598493069e-01,6.683595109586821792e-01,2.136573709915546848e-01,-1.338136841020548806e-01,2.173965745549083284e+00,2.209256034669890401e+00,2.606219515117699448e+00,-1.754560399003672222e+00,-4.259050919001758917e-01,6.377855729309457544e+00,1.175472475925884552e+01,3.271688313468369413e-01,3.939374766126644278e-01,2.093294276437642321e+00,2.445500629959513894e+00,6.498080417702973843e-01,1.729920123126862830e+00,-6.375512444161370029e-02,-2.260505436899443055e+00,5.801627192250455867e-01,2.114685636560775350e+00,5.883174163311738480e-01,5.332817387402336573e-01,-2.792568310430512124e-01,-4.989354580663407646e-01,-1.426458026258659828e+01,-9.935326826093926478e-01,-1.147255178880510318e+00
-3.346259068951739635e-01,-2.231906635509600001e+00,6.267899437051579481e-01,1.117284118300006179e+00,-1.305363669226049961e+00,7.056374511410488104e-01,4.443489586521707779e-01,3.628981049420166860e-01,1.277843891817943600e+01,-5.575117258448227808e-01,1.288369004502401216e+00,9.535124084392199162e-01,2.581661923287911220e-01,-1.085712311788887607e+00,-5.913407256070110085e-01,-9.181616269858998702e-01,-1.382576149092673568e-01,-1.022997983045562664e+00,-3.333412550847145162e-01,-7.999039766040605404e-01,3.900362742943996874e+00,-2.308177830713751266e-01,1.387214924924586867e-01,-1.640183757612977189e+00,-2.411620223466055091e+00,-1.681466049321644896e-01,6.228171270613909183e-01,-7.190029992810291759e-01,-2.228810789718455698e+00,-1.927278731267847212e+00
-2.354014957467594815e+00,-1.661235337408575985e+00,2.297941650429539961e-01,-2.096798970460353739e-01,1.223163001465662258e+00,-2.955591058384351988e-01,-9.740226802149730412e-02,1.286400016933049451e-01,6.934542541202524113e+00,-2.576289135747108716e+00,1.130916434450917496e+00,1.909966859294814157e+01,1.867656794096029316e+01,2.038687722630450061e+00,-5.442181482824279826e-01,-2.763617558035289967e+00,-2.477302191750208937e+00,-1.065847094228939529e+00,2.745927145986283069e+00,3.405672511553697879e-01,-1.175767326292608272e+00,2.388392552223026488e+00,2.405288568165777185e+00,-1.585599022631132282e+00,3.932496997248696058e+00,3.138981259081633723e+00,-6.289484296011835784e-01,-7.080517490892981325e-01,-1.773353283486453144e-03,-5.307856090412449435e-01
-8.090114967996879791e-01,-8.040852648075459408e-01,-5.861852258411610617e-01,1.139838349238535969e-01,-2.662804049482941693e+00,2.645209691931627027e-01,5.933224850824503349e-01,-7.769195792590314342e-01,1.441381436611004485e+00,9.771352254353740108e-01,-5.452097618430200576e-01,-8.918263958352345977e-01,1.648552444759716407e+00,-5.945192891773476429e-01,1.577228185303669594e+00,-7.383880800887062668e-01,-1.797795700983448874e+00,7.742773592286787965e-01,2.361785298734937755e-01,4.745025969605268235e-01,-3.433360459550249821e-02,2.785663209384408479e+00,3.151388158739062639e+00,-2.647477553660393945e-01,7.441854639876778199e-01,1.582574433592157881e+00,-3.857653982308112406e-01,-2.521075655510440772e+00,1.106276893517297522e+00,2.421199016164933202e-02
2.114311184507809138e-01,-1.163108566945640465e+00,7.538397983377022049e-01,3.380550645702455892e-01,-2.258757487513549211e+00,-2.980622358765587343e+00,-2.170082687091195783e+00,-3.657495399835002936e-01,3.348728316198528177e+00,-1.229816532918881711e+00,-2.466303580725049738e+00,5.661505481958064578e-01,-1.701889122184070846e+00,-7.820187714442047300e-01,2.573070366061284697e-01,-3.604153408572196016e-01,-2.273799750956256638e+00,-6.740660109450711257e-01,5.131573207186466146e-01,4.699096936883576103e-01,-2.165274998031387454e+00,-2.208340602622000493e+00,1.800222775194031177e+00,-6.598379660780727685e-01,-2.962766890954581789e-01,6.706736824556622789e-01,4.899784468545724803e-01,-1.294887290294866489e+01,-1.807542334234473747e-01,-9.765026335337997354e-01
5.648779223998382504e-01,-7.365486994527958853e-01,-4.790807151016194254e-01,-2.373356945086725567e+00,6.635390964323349960e-01,-5.347933536836688706e-01,-1.136157579997101541e+00,-1.538447685792574848e+00,2.211922055239679885e+00,1.576026053780539726e+00,-3.118154593355514592e+00,1.085670917979517824e+01,-1.691173883542085310e-02,-8.169320188744507716e-01,1.588390757287697352e-01,2.028322592855459128e+00,-4.133508399000232481e-02,-1.006601640688158161e+00,-1.228551107661737252e+00,7.498432811593956915e-01,3.870370884809948286e+00,-1.149612794116430692e+00,1.977683562227101177e+00,-1.736594034920917184e-01,-5.293983191837111635e-01,-1.118224468847745845e+00,-1.490726372737155581e+00,-5.332529678623302516e+00,3.805316144762657671e-01,-1.082382098831720985e+00
-3.386311715233601971e-01,-3.414320951595902209e-01,5.151740934334423372e-01,3.755112284476844198e-01,1.180958578470857390e+00,-6.479537153890069234e-01,-6.926133395181426344e-01,2.312882209357575158e-01,3.952483150764168340e-01,-4.132787544562225857e-01,-8.167519608490103611e-01,-3.638016975563052036e+00,-3.620471170763166491e-01,-8.581362025231994428e-01,-1.799956925290975285e-01,-5.626844915501773015e-01,-2.405118712252387159e+00,-1.226445289488956814e+00,1.555667734279619074e-01,8.742670287778020466e-01,-1.241157762153960231e+00,3.069500912355212829e+00,1.765891755248886419e+00,-1.046343063489230396e-01,-8.473446369836392655e-01,-1.605883683013665353e+00,-7.863704994268659876e-01,-3.192823848605902626e+00,6.815546919823238792e-01,-2.954380094061680451e-01
2.197236385713074558e+00,2.024202345706838102e+00,2.463299592552981310e-01,3.707129017981662389e-01,-7.154887243658420992e-01,6.513558909628963667e-01,7.411677433966823436e-01,4.660764715697336968e-01,1.158900974586704713e+01,8.957517910551265894e-02,2.424860937067875935e-02,-1.010958931415582462e+00,1.202318940117319634e+01,8.870878080481942041e-01,1.963678820752685558e-02,4.962150655647412645e-01,1.026203175132071932e+00,-1.329846159851915566e+00,-2.246807972872141068e+00,-1.677027697032017706e+00,6.856996528920702438e-01,1.669013774160272856e+00,5.869981595773824168e+00,1.194957264388127438e+00,5.672422121352206359e-01,-2.214235566471169925e+00,4.486754668833566884e-01,5.943139824843592933e-01,2.850812135795561808e+00,1.219592216809365803e+00
-1.324524460472790599e+00,-1.773787441559707467e+00,1.303774310413967186e+00,1.380172605179092793e+00,-2.817149821446748525e+00,-3.490446969305299740e-01,-1.369879644667734819e+00,-2.635800075780280749e-01,7.434114082858160444e+00,-5.222422736708813851e-01,-9.695811628548072214e-01,-2.050832081988136046e+00,8.166259746568817590e+00,-2.368584962758893686e-01,-2.624333316013546247e-01,1.081508012208675096e-01,-4.211468937270591795e+00,-1.493969472683261968e+00,7.957329737061022978e-01,4.556926712243747901e-01,3.850404577038499809e-01,2.246667375660599486e+00,5.739908115783595832e+00,2.358895437370467807e+00,3.631166221625562462e-01,-1.508810262479416686e-01,1.078276633201447066e+00,-5.706095821251325084e+00,1.433515408591958584e+00,4.114471931193472987e-01
8.796956482231950147e-01,-1.011223364938820035e+00,-1.603956680728812811e+00,-4.707570837133329689e-01,-7.783049919729838340e-02,-1.456748337214742506e+00,-1.479261674174035202e+00,1.316508487649374448e+00,2.543237351464890494e+00,-2.741281539355098218e+00,-1.031851020350191828e+00,2.006296556937156339e+01,1.285034718020339861e+00,5.681860306283238460e-01,2.351427702214337057e+00,3.771321759395264706e-01,-1.059496458682776865e+00,-9.859567964793600758e-01,-1.133953419225153247e+00,1.291061309399216928e+00,2.396496445945719866e+00,-9.246351457686436959e-01,4.874097768896671568e+00,1.509924472651604566e+00,-4.180436505867426988e-02,-5.697070279919316249e-01,-1.575175446886097896e-01,-8.093067024591565684e+00,-1.452213074491866263e-02,-5.576831839002108770e-01
-2.874350520263059039e+00,-2.165950230892760009e-01,-1.150124198954067950e-01,2.784942841669256208e-01,-1.073345522116122996e+00,-4.123172763383170292e+00,-7.991392449329478564e-01,-1.242545674217610419e+00,-2.850389882955343346e+00,-1.958072310615938116e+00,1.484884349324840092e-01,8.576628460278715949e+00,1.961560848686755065e+01,2.375614218044118653e-01,1.414359836732409725e+00,2.933014120823340676e-01,-3.683143599871466778e-01,-6.681867058658808034e-01,-5.701089082726762403e-01,-1.584798248576313462e+00,3.144383546960171305e+00,-4.641034512831134329e+00,1.191795573357068205e+00,-1.868127608473609813e-01,-6.270839740681655172e-01,8.707776584227989725e-01,1.689374968118227294e+00,1.792356608828951314e+00,8.663004183675832026e-01,8.302877675944652092e-01
-4.560887801845658895e-01,-8.405516694020546131e-01,-1.541613022942237121e+00,-1.844750562375436997e+00,1.618146180663445621e-01,-2.425774795296632202e+00,-7.733832717714781424e-01,5.418599909999615161e-01,3.498753849525088278e+00,2.693349038075706581e+00,-6.658824539587994140e-01,2.256431746947234984e+01,2.725336639401104932e+00,1.476223987476619870e+00,6.925442183080835479e-01,-1.030644600258338039e+00,-1.907426273000844552e-01,1.567445182518973690e+00,6.913126077442529605e-01,9.308663809799841982e-01,3.394417124282774978e+00,-4.353559819781485984e+00,3.848106898749540594e+00,-8.384120585636601897e-01,1.387600605968081435e+00,1.055551357493686782e+00,-5.706997035554886022e-01,-2.862557127953849090e+00,7.166038178941607217e-01,1.254103424923792565e+00
-3.169359459785023869e-01,-2.287848787724032107e+00,-8.693918527431458987e-01,-2.562415153367824328e+00,-1.075500521845437651e+00,-2.822055028040083346e+00,-1.303872851777169162e-01,-3.807778755720593544e+00,1.354097608076899206e+01,-1.514313747355448880e+00,-5.404842894894210659e-01,6.949783890657441177e+00,-2.508359150940177251e+00,-1.094212798948159593e+00,-2.158949216627493062e+00,-1.707919856488225197e+00,1.096901640537311318e+00,3.227730832470405264e+00,-6.200321826163370798e-01,-1.879812646121655995e+00,2.190796002020821920e+00,-4.087374648029653557e-01,2.987875662633292251e+01,-2.479044720481108577e+00,-1.244527175696354959e+00,-1.657278938140986702e+00,-2.719478151764237683e+00,-5.395433073207940300e-01,6.775189038508886430e-01,4.876804143973845762e-01
-1.348196710884738969e-01,1.396134138309201189e+00,1.246243410398096829e+00,1.259923313332091510e+00,-4.225914616733353335e-01,-2.066045059119698823e+00,-5.279692457938421901e-01,-1.349177151398044172e+00,5.122176295260826961e+00,-1.033098808182978834e+00,-1.137351522842752649e+00,2.854149102618555034e+00,4.556190301297035061e-01,1.042248887627437615e+00,-3.914030202773255973e-01,-1.872832611677893944e+00,2.156105796160771582e-01,6.030300841268190076e-02,-2.976678994380528742e+00,-3.096512826888378478e-01,4.416138131789566046e+00,-7.400272245677974592e-01,4.658148932136055853e-01,-1.356117866993606924e+00,8.973247156037049699e-01,2.149062115146375129e-01,-1.648070037985770453e+00,-1.010276697328462259e+00,9.327052857923417983e-01,6.217302464638723158e-01
4.136922593605569382e-02,-3.492476358859848973e-01,1.059890819216197322e+00,-1.218781168471153864e-01,2.275829963338895368e-01,2.550412567037339873e+00,-3.661008779388833512e-01,4.124283342391709684e-01,7.875080563282234047e-01,4.581452485033415956e-01,-1.611609891825672713e+00,-3.452746143464406448e+00,7.406397637550445889e-01,1.571719064572780988e+00,1.941997469175764435e+00,5.110700668500771648e-01,-1.433139421880253117e+00,-1.850816255999271798e+00,-6.835730916547578806e-01,6.528301446608182623e-02,3.231821121800267260e+00,-9.713550116908400422e-01,1.285612584446982787e+01,-1.906635277654584459e-01,1.739833647428381092e+00,3.481218719706242748e+00,-1.449973412486149638e-01,2.138053592466251818e+00,4.785302451916483291e-01,-3.949292193211000890e-01
1.787250244463375326e+00,1.181509870220866620e+00,2.070335761672249753e+00,-1.075344373676700327e+00,2.351147848855061062e-01,8.288105550684894407e-01,-3.657196263301686900e-01,8.730452914026159972e-01,3.689496519444857903e+00,-1.505776342973734305e+00,-1.272593214069386525e+00,5.849286177062106518e+00,9.866624245784016978e+00,-2.323856665474506311e+00,-8.949189383034273915e-01,8.952452057823519216e-02,-7.370083674655869554e-01,-1.647271075732961609e+00,9.461322682687411251e-04,-7.095139612898504478e-01,4.050947130207260827e+00,1.146513991421151291e+00,8.126616035965467333e+00,6.595762103460953707e-01,-4.152655045467398276e-01,-2.381832451439936715e+00,1.290144701688229478e+00,2.367679769126022071e-01,5.596026254570324321e-01,1.567011369933471454e-01
1.532480333654631099e-01,-8.294378087117856291e-01,2.981261234798632809e-01,-7.907233180045198928e-01,-1.505752298399488653e-01,-9.402370971283510181e-01,9.302271743082362043e-01,2.270605079098975965e-01,7.225536122164712971e-01,-9.826935029855744519e-01,-3.851054985725749225e-01,-5.104723463439841957e-01,1.306766996849584306e-02,6.979438575525433175e-02,8.582722966851268342e-01,9.047383492807735683e-01,-2.184928055421306414e+00,-1.242733227998485512e+00,-1.944153494075213651e+00,-5.739511344838971185e-01,-8.911509697875120706e-01,2.743216394267906200e+00,5.252026417459029872e+00,3.808167918334243174e-01,1.638641132701968539e+00,-4.910374017218322451e-01,-1.360371211744910713e+00,-5.006532604423084010e+00,1.508578282571347406e+00,1.678278884460717713e-01
7.810266372198263474e-01,-6.752903980507319881e-01,2.582293731293625161e+00,8.682163924549832212e-02,8.573271633158086047e-01,1.155288647591521167e+00,1.981781496592431635e+00,2.974538472942110268e+00,-5.819128005542073545e-02,-1.157297046985162448e+00,1.241518409326624273e+00,4.227691172528302843e+00,7.234922564882539930e-02,-2.002147506644868180e+00,4.682479514821506483e-01,-1.830442738626590904e-01,-1.401161776871065578e+00,-3.080784463464775857e+00,9.129792254343050972e-01,-3.189709459347738196e-01,2.338976011618199013e+00,2.463195237877697785e-01,2.756053895093076989e+01,-1.011315123073726063e+00,1.439521671231617672e+00,1.560642603963042552e+00,1.544588546474239266e+00,-1.069976755568631965e+01,9.649502828862872583e-01,-8.345915698920551851e-01
1.229028620322954568e+00,-1.365277939268984449e-02,-7.695783402663742834e-01,3.711004570358287236e-01,5.116155996863294142e-01,-2.476673516242417772e-01,-1.714976360087432594e+00,-6.550498546204093220e-01,2.807774740950235715e-01,6.530209823346336817e-01,-1.735818426959127692e+00,-3.032899313175771105e+00,4.464462709399812823e+00,-1.109296134497195219e+00,6.463935626435376447e-01,8.413980075900806543e-01,8.919536355328328003e-01,1.061613393029684271e+00,1.846509155594166396e+00,2.990859542598796494e+00,1.736506804930644465e+00,6.879373329986349095e-01,1.792449326307037571e+00,-3.442319044752557566e+00,1.641395681014915064e+00,4.439870765187892143e-02,-1.295321451703473015e+00,-9.454924811844467314e+00,6.002025576163827481e-01,-1.550962211866190765e+00
2.843654999764844593e+00,2.975846942041706633e+00,-1.426342753457400248e-01,2.587695390263381606e-03,-1.132774396020327590e+00,-5.747206775927188316e-01,-1.099443115250576808e+00,2.769059397408287104e+00,2.451805364218382621e+01,-1.901154228661115164e+00,-1.956048471869520800e+00,8.892241851320861201e+00,2.394364682068836814e+01,1.669177954969810918e+00,-6.798688778351127393e-01,8.924026329862197460e-02,5.377948296799287542e-01,-6.549673516612178892e-01,-6.071958989023962250e-01,5.171223062355565503e-01,2.611370119695155534e+00,1.331695186959397592e+00,2.372520539961668895e+00,4.280186690008895567e-02,-2.667631940139102653e+00,-1.525100476614507539e+00,-1.969756085874208695e+00,-2.983858767038717552e+00,2.651350669346497768e-01,-6.556793790280054934e-02
1.591235472590152966e+00,-7.698147803425715585e-01,9.805231371305088706e-01,6.551140169294796811e-01,5.017235476550266915e-01,1.641747659240027357e-01,-2.494036358441115986e-01,-1.575672250173762556e+00,9.106776360098622902e-02,-3.156578437681922256e-01,-1.942064383857605270e+00,-1.744740861009821398e+00,5.786841824594475270e+00,-1.446711089309214104e+00,5.872961362214010883e-01,1.987974509575979098e+00,1.928447785371086853e+00,-1.811324331953119149e+00,6.466255803064147045e-02,1.081636417047832754e+00,-1.752442025082780575e+00,-1.709239767930888609e+00,9.440022302352572225e+00,2.582839352402960809e-01,1.201203215747470354e+00,-1.233954215899119466e+00,-3.553665897422370046e-02,-6.974455758727735599e-01,-2.647819646777847424e+00,2.045488532621842381e+00
-8.013893073429673164e-01,2.323166865276967211e-02,8.295281566286645258e-01,2.869481424944075432e+00,-3.758076733185354845e-01,8.795471170338967637e-01,-2.958038739947322693e+00,-1.353792123891863319e+00,-7.612583292187298512e-02,-4.094607144448529357e-01,-1.701624327805226766e+00,1.486765788451153369e+00,2.035909336713831674e+00,-9.847884777253360644e-01,1.779096462206813944e+00,1.284064817328270269e+00,-1.162124991753487713e+00,-1.221486979269596373e+00,-1.016178585057329276e+00,-2.025432974598264657e+00,2.117047882610261222e-01,1.400230148558006205e+00,3.157058269640089065e+00,-2.033353830166077625e+00,-3.703104075369335058e-01,5.173127799619302580e-01,6.344732137762002511e-01,-2.638368252620685439e+01,-1.927813256905922090e+00,-2.260120443668529600e+00
1.970426051275069312e-01,-1.220375569379484215e+00,-2.658413897448350660e+00,-2.317608875184881345e+00,1.098883730085258525e+00,2.138388081571527710e+00,3.578394466628177284e+00,4.779798778172282547e-02,4.207772575129522963e+00,1.650015923387091243e+00,1.093396917872664353e+00,8.650175251342309579e+00,-1.167165100215810991e+00,-1.326826704040850791e+00,1.905408220879714065e+00,1.410702119324746873e+00,3.553327827453072185e-01,-8.942881092992505110e-01,-3.850967629291009997e-01,2.899669113948631360e-01,2.916217632555921924e+00,-2.452730903129376472e+00,2.773169007141085274e+00,1.500402535539232751e+00,1.765620094580822252e+00,6.238813900953159991e-02,4.521033751190246530e-01,-3.423305218444662756e+01,-2.145079525431710099e+00,-2.989471916866805135e+00
4.019186851205082678e-01,-5.981587124360547847e-01,3.427927296513626487e+00,9.819155146076178342e-01,3.365573217171393128e-01,1.472933182109074757e+00,1.513946642277782750e+00,1.090127970511150374e-01,1.651105388828926657e+00,-1.028295083380276642e+00,-9.968408769324452745e-01,1.836187735377163399e+00,-1.783514782187761050e+00,-2.365803049134731939e+00,3.408686654717574260e+00,4.054901830519566097e+00,-7.555245559030755453e-01,-9.868052855367996923e-01,-8.881594411488147323e-01,6.853978103957880652e-01,2.965245775528753569e+00,-9.015468116464475656e-01,3.486268785559403671e+00,-2.040700470442979031e-01,9.097131508235482000e-01,-3.300813906526277042e-01,-2.307686220130388044e+00,-8.913854523747453129e+00,-9.631914008893860402e-01,1.955565160045444617e-01
-1.328566618957303325e+00,-3.041128392691629934e-01,2.877990960362969974e-01,1.854252682435331423e-01,9.049292543399630739e-01,-1.428009890762167666e+00,8.636778061103649318e-01,-1.104755749244688445e+00,2.131307616652362125e+00,1.629521977798140675e+00,3.771041137081166950e-01,5.811196480645547169e+00,6.780805784319398732e+00,9.466400635485427983e-01,3.810955606883978386e-01,9.797829557118848953e-01,2.612202538644820660e+00,-7.413649781731336541e-02,4.722086380558135343e-01,-1.508623404308889526e+00,-3.207856779155880300e+00,-1.698074162370698081e+00,-9.630045766962410658e-01,1.088548391093508760e+00,6.662874905182258889e-01,1.918604920192088503e+00,4.295027218419936732e-01,-2.901424980747278504e+00,1.897087760071533846e-01,-1.623752262687474524e-01
-2.584253392702155150e+00,1.107705011146462359e+00,1.764921712881845961e+00,4.259262479563322157e-01,-8.732503498085544269e-01,-2.301278133803104364e-01,-9.814343634272119088e-01,-1.207815263434211417e+00,6.094845439775921747e+00,3.772260139271510493e+00,1.398983064343555682e+00,4.181387181519811236e+01,1.793941754440435332e+01,-1.658414369010787537e+00,2.394785463151789529e-01,-3.480373378168086229e-01,2.440797889175128077e+00,1.853276609498810901e+00,-7.673495211545509065e-01,4.921841069936144231e-01,-6.483028223283855418e-01,1.477695895699195461e+00,1.138909752086441252e+01,-6.903238722095177138e-02,-2.479273467027997668e+00,-1.929253721838896540e+00,-2.112879767569179279e+00,-4.242585849812786414e+00,2.232910146715661792e+00,3.829803157259764057e-01
-7.177856387616429190e-01,-1.073347322153274996e+00,1.418760415853430323e-01,6.226722731142532163e-01,-3.823503059509008040e+00,-1.318466202948189947e+00,9.227281943794725105e-01,1.071726710968052165e+00,3.614384184699075409e+00,2.202232848572693413e+00,7.650432198958681540e-03,1.010611220669837707e+01,3.457580356860769477e+00,-1.748761112838277842e+00,1.659408222331028915e+00,4.141538455783441153e-01,-1.939622351947735801e+00,-2.798194025938856577e-01,-8.547240121262460466e-01,6.856420045375952177e-02,-2.517067323191481965e-01,3.069431066654193074e+00,-1.151224281666802352e+00,-2.718185906359733117e+00,-1.146859373756802025e+00,1.481249446965269057e+00,1.344203796190933886e+00,-2.819779101560987655e+00,-1.674324713457198577e+00,4.490496603683934440e-01
-1.094465473050687088e+00,3.471198852655069667e-01,-1.531720379140494304e+00,-1.363259324573477205e+00,-1.464949072441061872e-01,1.268405518950122879e+00,-8.833632828873685394e-01,1.405043594989064282e+00,-5.807763813557526023e-02,1.649961956474846447e+00,1.394726129076336640e+00,7.928581461403901187e+00,3.694812846973610121e+00,-1.295761967715653329e+00,-5.735166857074720514e-01,-1.307045448889933681e+00,1.945594016082329958e+00,-3.385040167657826782e-01,-2.117505752965737731e+00,-6.038756169020993436e-01,-7.552764709829735690e-01,1.000804173361617533e+00,2.897621324046832925e+00,-7.689107326238214801e-02,-1.901059967981883592e+00,-1.100869268069766482e+00,2.621048520777637392e-01,-1.513538847470200954e+00,6.933858175776984600e-01,-1.948601782158694506e+00
3.377165231421951075e-02,-3.675796074097148480e-01,7.896933638254221011e-01,-3.959674283344497558e-01,5.912787532026200221e-01,8.718636384140175943e-01,1.225682175060303081e+00,1.637962135407261766e+00,-1.606338386316412681e+00,2.388487663621785828e-01,5.199802539690641101e-01,-2.195921329658566457e+00,8.095536262609039913e-01,2.766051861340516282e+00,4.305838914232441583e-01,1.261001615057105729e+00,-2.882645870033364588e-01,-7.927688509881644086e-01,4.131666479844974482e+00,3.246082444839404779e+00,2.942975380838265487e+00,-3.238589363677955468e+00,3.625750568257402939e+00,-8.105603487087520431e-01,5.488566638943512821e-01,-1.246199841437814204e-01,2.727847038402380520e+00,-2.864115801757849855e+00,-2.619072716900574083e+00,-1.417247795756348516e+00
-2.271892698403810584e+00,-1.320183589660704593e+00,6.262336481375272434e-01,9.080546474489856190e-02,-1.784172266402713619e-02,4.815757970839834590e-01,-2.509429772852646234e+00,-3.779535440992443651e-01,3.614876795725559866e+00,6.959221631483035742e-01,-1.122024976427312470e+00,-1.727001360456026369e-02,1.505289696648088160e+01,-7.345838425662015725e-01,6.504231531899867802e-01,4.137893012900276113e-02,-3.592580148441983923e-01,-3.726914202562822687e-02,2.676161868139667277e+00,1.286209654780189116e+00,3.300680219543861149e+00,-2.600691659836610992e+00,-1.047296632268637895e+00,6.391386981780066145e-01,-1.875389054468260819e-01,-4.282205411233124814e-01,8.539690406515010324e-01,-1.642815806458020589e+01,-1.917118598767785009e+00,6.472805740823656118e-02
-7.400935439157925178e-01,-1.656391686287273846e+00,-1.650610499498961214e+00,-3.045394673698427646e+00,-8.153277146645594720e-02,-9.788144106424692334e-03,2.653651830499929032e-01,2.271283077954271146e-01,7.659823483888477114e+00,-4.879689735188200150e-01,8.596233853432784233e-01,2.845521572368731267e+00,-5.595919522790104850e-02,-1.608896846169941108e+00,1.377755937903375472e+00,1.349835761792349986e+00,-4.998671656251544304e-01,1.736396959248271976e+00,-1.060422259807152656e+00,-1.562776721716363060e+00,4.022160903115554298e+00,-1.725869895346829885e+00,8.174946961075150398e+00,7.676197512751534724e-01,1.683017724407766202e+00,3.405616749751387839e-01,-8.278060233884603214e-01,-5.013225608213559559e-01,1.528281676837258019e+00,3.013896025791711342e+00
-2.757091047359496727e+00,-2.754618022261882349e+00,2.335502141561525968e-01,9.432769193609537028e-01,-6.499785472736378800e-02,6.342942601960872562e-01,-1.025885895647292156e-01,-4.967647605141271849e-02,2.001603549463321485e+01,-1.214832541824324430e+00,-4.503562559225851025e-01,2.438591655182318796e+00,2.341344564861205768e+01,-5.645583988634032130e-02,-8.048970030464908110e-01,-8.264932588532344360e-01,-1.061919058663764792e+00,-2.490214380009851070e+00,-6.859659860394282660e-01,-2.500284261987554935e+00,1.928714043565568304e+00,8.857318403640088711e-01,1.468432886620109912e+01,-8.083208341220105009e-01,-1.338266612315434312e+00,-4.084581812074402629e-01,4.839474697761142474e-01,-1.180934876219684515e+00,1.030887371484580983e+00,1.031432672724767463e-01
3.411649053705062551e-01,-9.529709582806826160e-03,-1.931174702880406713e+00,-1.919023153653209413e+00,-1.513489011735022371e+00,1.369815348607092531e+00,-1.884354686692526037e+00,-1.275845805313948200e-01,-3.865647150658397257e-01,1.037755483201999951e+00,-5.050572874231865628e-01,4.706451243067133028e+00,3.069195154038291129e-01,-1.821798974359268630e+00,-2.630711838471967656e+00,1.056093813363512685e-01,-1.575328726969331461e+00,-1.820087415488310878e+00,1.838935108802990825e+00,1.191189672678338862e+00,-1.905604674235167106e+00,-3.262614027346712575e+00,7.884939979072919769e+00,-1.138932810802899764e+00,-2.418135121722795045e-01,-1.089348585196243446e+00,1.883284175940315164e+00,-8.051067249118538882e+00,-3.936378446229532035e-01,7.324668197510677548e-01
7.988861511905464008e-01,8.011037371260140705e-02,-8.170534624617459274e-01,9.850038315943240308e-01,-8.863126437913784184e-01,-2.126810942052419051e+00,6.001972355084159716e-01,-3.523743002274743463e-01,-7.359631193050131248e-02,1.590078801762790095e-01,3.721121567589434909e-01,5.976606596479745459e-01,2.655276655704432720e+00,3.751129026101336916e-01,-4.637900866306098324e-01,-1.237912096445487609e-01,5.782931096842305330e-01,2.619110774156246380e-01,-1.391884124363205189e-01,-1.454368607541789205e+00,-2.143725792027946220e-01,5.824666193081129428e-01,-1.734427626475212314e+00,-1.258035568404120674e+00,-6.797530715194143314e-01,6.254898154809460098e-02,-7.595893354453326918e-01,-3.793653900174916771e+00,-3.481553074165767425e-01,1.973708855034954857e+00
-6.302962377882534994e-01,3.469077554088009219e-01,7.860410934178283515e-01,1.587051656112329123e+00,-4.182023938687954856e-01,-1.596025759012131173e+00,5.818736073440408108e-01,-2.330274973257699056e+00,-1.261101045989277414e-01,2.927458933130960145e-02,1.559122197222838180e+00,-3.878504280430559170e-01,-2.123631819156424072e-03,1.182073940347276864e+00,-1.022422681593655680e+00,2.017170515216403226e-01,-5.289512000668257219e-01,9.972198072200127994e-01,3.948113728901603725e+00,1.666797128875384670e+00,-1.817200612179312280e+00,-5.311917406596770697e+00,4.995989677259828454e+00,1.485926677727534284e-01,-4.472747016084971938e-01,-1.449158980287610365e+00,-8.487132637215144548e-02,-2.303465520894913965e+00,1.931814973738846600e-02,2.549812985053802272e+00
-1.039003373115656936e+00,8.744347099394517153e-01,7.466728203513058881e-01,-1.080891455592929207e+00,1.453257788500113223e+00,1.210340298103543155e+00,-1.908856624717806538e-01,-1.014830132147673258e-01,3.027229954283403579e+00,-1.727015751187668119e-02,7.304983107060848413e-01,-2.468876177773489111e+00,1.706845047207294019e+00,-2.096301175344201795e+00,1.373940119711594132e+00,-2.754562561818157951e-01,2.146221283333751728e+00,6.044149688325458625e-01,3.703312920290776855e+00,7.364372966387199293e-01,-1.270468620685587968e+00,-2.895578347715023204e-01,1.998713253769022646e+00,3.768772723887640064e-01,3.165436128892118450e-01,1.687442444218452131e+00,-1.174899455239882595e+00,-1.753546917359354751e+00,2.866691608324585250e-01,-1.604181551468556677e+00
1.443835218404807774e+00,2.877981428769452954e+00,-1.258810213570677350e+00,-1.976777218852391771e+00,-1.242094648612949159e+00,-1.482188528970222502e-04,-9.513403858389395396e-01,5.961559286855963036e-01,2.204792650755279126e+01,-1.791241948915945903e+00,-3.922854506134594299e-01,1.066169548149228241e+01,8.448403178554302784e+00,1.586817752047748123e-02,5.718681682073845085e-01,-5.056123776201107978e-01,9.218821256479188264e-01,1.235911323068675571e+00,-9.811430075994319600e-01,-1.397527066914684646e+00,5.138456934662321007e-01,3.899768957454359253e+00,6.797234576361258718e+00,1.497535827971123945e+00,-1.502966534267063725e+00,-7.370926388433912679e-01,1.999707505759693582e-01,-3.828788017318996317e+00,-1.178114633107343101e+00,-5.832938921027588375e-01
-2.716189191441732209e+00,4.454894750480440369e-01,-4.919183551710140656e-01,-2.102456732275000739e+00,-5.111635843789890110e-01,7.513686493149720480e-01,-2.413651072822849297e+00,-1.104121946508062058e+00,1.156198908615868159e+00,-5.753936489188461734e-02,-4.514474552196228174e-01,1.891247235858671383e+00,1.947478818806181167e+01,-4.756681986937179585e-01,1.065018211981879181e+00,8.773282994651935771e-03,-2.404380379416326541e+00,-9.527395779991849611e-01,8.873419250719841167e-02,2.769566876010697287e-01,-3.456972893729106655e+00,-3.727033857175706899e+00,2.583499813341544993e+00,2.312084080075186510e+00,1.074017356645979415e+00,-1.275220488684318143e+00,7.778477378317050217e-03,-1.697481256062719623e+01,-1.432817206966642720e+00,-1.546229157898317830e+00
-2.856881630931523697e-01,3.889023969888021903e-01,2.261259150568879772e-01,2.022936934728017722e+00,2.618240248598608044e+00,1.961206585920720613e+00,-1.469586502933244443e+00,5.259187985246390751e-01,-3.766106877661330454e-01,-2.012518686159940451e+00,9.756017600124029521e-01,1.430635828526870057e+01,1.932593345477957580e-01,-5.276348095661321791e-01,8.257234667605349854e-01,5.203248723369852807e-02,-1.555443021187383534e+00,-2.634079211629763995e-01,-3.085067997933311545e+00,-1.191375048995047203e+00,1.989096136524276082e+00,-3.822924128745419647e-01,7.329397197949374942e-02,2.477916988212375493e+00,7.197516105542988152e-01,1.076676673253324168e+00,1.262341123250418917e+00,-3.491439901237654020e+00,-1.398688056675186642e-01,7.177632227880690330e-01
-2.257348255354443278e+00,1.735011301082889812e+00,2.699516448632623966e+00,2.855445769434710179e+00,1.222537628453693070e+00,1.275328985899643941e+00,4.076471149268535155e-01,-5.830237279876552270e-01,9.074921751855159258e+00,-2.611432144877936512e+00,-2.932424457423096431e+00,2.025458196461359606e+01,1.267738296666946063e+01,-1.246878151827195857e+00,-1.351967955268067900e+00,-1.203979833924851528e+00,-1.292915994269847602e+00,1.556563541498665604e-01,-4.567441140967962721e-01,-9.032489069029003836e-02,1.101449495690675295e+00,2.686724896913895932e+00,-2.840092201516870030e-01,6.009098977693720922e-01,-1.045554004363939304e+00,-1.936325708658597433e+00,1.132854766423790016e+00,1.033959457148333483e+00,6.046617886486321813e-01,1.292480470438685192e+00
2.013467649365628109e-01,-1.585733983881956854e+00,1.063903222675942173e+00,7.917992442353502525e-02,5.174292276259347123e-02,-2.213647747930967136e-01,-2.818446688272814971e+00,-4.595117659660970522e-01,6.228047237766387134e+00,6.858849703923677321e-01,3.063005278997960601e-01,-1.854472697978917672e+00,8.671729300916291017e-01,4.624313908563614656e-02,9.533699445146805174e-02,7.767394502072064721e-01,-1.923269476644346332e+00,-4.481024136966759719e-01,1.835567377470813222e+00,6.463922133453436913e-01,-2.168861391548073225e+00,-2.955506076744103261e+00,2.060945811934524752e-01,-4.723168411425622548e-02,-5.231504327519720388e-01,2.283589623850792172e-01,2.086661248377068567e+00,-2.111600521514384710e+01,1.016166034317678823e+00,6.076807718019642396e-02
1.139839092779910468e+00,-9.033634507917587264e-02,-1.961427473991512294e+00,-2.495653362092839611e+00,8.278331204530089416e-01,2.307017713816555127e-01,6.868631010856129926e-01,1.134740843782804515e-01,1.067019314232129812e+00,-9.112075972413131719e-01,2.049009756856042141e+00,7.122973451403610490e+00,2.544123748471347035e+00,1.757037919123624503e+00,1.087096388797524016e+00,9.438002223529170509e-01,-5.735482176849208136e-01,-9.998347541234752223e-01,3.918899690228957455e-01,-6.848915128362557114e-01,5.021810071033351974e+00,2.312467202415972700e+00,2.686024822711219340e+00,-1.210893536283545346e+00,-9.440255024827386432e-01,-5.306629127502148213e-01,-6.989613418270792522e-01,-1.158773288283289515e+00,-8.758371809500731242e-01,-2.161809589567792678e+00
-1.197719570355159302e+00,-9.172683730072358488e-01,5.506799554645221972e-01,-1.073366356619480655e+00,-1.197850963581586353e-01,1.634845462016047968e+00,1.497002687995378611e+00,-2.171977763158230879e+00,4.826693025972243589e+00,2.626849943123510389e+00,-3.798405510056303003e-01,1.953086148244999976e+01,2.963674264281068282e+00,-1.708244255280425339e+00,-7.906929811100202876e-01,1.176631072430467662e-01,1.368049826913239064e+00,2.252011716924815499e+00,1.654383934666669109e+00,9.536341167276153330e-01,-5.678705598478690497e-01,2.272903730114781862e+00,1.275387459080637065e+01,-2.641649136008449306e-01,-1.160744330788879175e+00,-1.612557146058786639e+00,1.505960402160654965e+00,-5.838461441783665329e+00,-1.346241492129625517e+00,-1.528691498135277271e+00
1.004973286546926747e+00,1.461292217722852227e+00,5.897229950266973386e-01,2.359898039212835197e-01,-1.724860510385137768e-01,2.654936524031525913e+00,-1.289564546204441386e+00,-3.277978108965494908e+00,7.233029024446499200e+00,1.221102833222877937e+00,1.477270031325281119e+00,4.234402262515082782e+00,1.740782632664301000e+00,3.449089929150896405e-01,2.155859412800406050e-01,-1.995311922394847892e+00,-2.789039105432679633e-01,1.903117185903544784e-01,9.585959682199679532e-01,1.357191828403363054e+00,1.766324205317981288e+00,-1.779498843139321718e+00,6.703882691071617606e-01,5.920345075486285191e-01,1.726313196983269238e+00,4.057584193171885900e-01,-5.185082780913295997e-01,-5.261109748363345773e+00,1.995354163618668464e+00,-3.991006977751113127e-02
1.636903633118288015e+00,1.044394856994254051e+00,6.244140572487069107e-01,-2.561778833554540835e+00,-1.054176845868917578e+00,-2.234671364133594906e+00,1.957591096624157645e+00,1.647538598720645453e+00,4.445938394625869705e+00,2.764955552775571146e+00,1.351234605440059910e+00,2.502558422061236598e+01,7.316701285890506057e+00,2.580040571830029550e-01,1.017133488818082077e+00,1.060879137656435489e+00,1.447732634740496405e+00,8.951687666604063454e-01,-4.977870369735331452e-02,1.067274445448205045e+00,-1.900246034060581790e+00,-2.222705467667002388e+00,-2.299140941343416067e-01,-1.143388336753012324e-01,-9.505779300741095117e-01,-1.763978133365659229e+00,4.534760280972838231e-01,-1.182281366010348478e+01,1.905186275959715125e+00,2.705849646295663380e+00
-6.954778469849210998e-01,3.272526906027742211e+00,9.051209247746759834e-01,-1.917192266957221891e+00,3.423205341937543000e-01,-5.617516266136642900e-01,1.660535995847845392e+00,-1.826813443976527951e-01,2.786893013401245867e+01,-1.020489043521243810e-01,-9.056557531285256424e-01,-1.403821341418012292e+00,1.420179570806209490e+00,9.467135637867069020e-01,-1.137800939440135828e+00,-2.218884169081413837e+00,-2.110926123899387719e+00,3.334063716810599654e-01,-2.545257653699168010e+00,-3.173406321424499854e+00,-2.770470540417528493e+00,-4.640563194948956749e+00,2.547379259548609554e+00,3.134061183155011587e+00,-6.656440708166687370e-02,1.616829644604789396e+00,-2.065126523133096637e+00,-7.154390995534074094e+00,-5.123139034672079539e-01,1.341276197374258183e+00
2.584066094486874854e-01,1.900255978224654418e+00,-5.291546457007937354e-01,4.162263221814627157e-01,-1.857082764455236790e+00,4.776034605966145152e-01,-1.868111363393862412e+00,-5.817493855790162316e-01,9.445370600041144371e+00,6.912712124777350420e-01,2.557572285523908917e+00,-2.921466609487124444e-01,-8.747963584411360127e-01,6.184720816712259150e-01,-9.878536748704382919e-01,4.731115063612317262e-01,-3.740633440849118752e-01,-4.027141828452621697e-01,8.610227002331438673e-01,2.356401681227385803e-01,1.803138477536392781e+00,-7.763261961965194358e-01,2.499083404582504553e+00,6.082350200412468544e-01,-6.285414811641041322e-01,-1.146712394021528469e+00,4.856864299388412021e-01,-8.954531529839927728e+00,2.501885831642138291e-01,6.683589322313687742e-02
1.287526881709091908e+00,1.606622316873374867e+00,1.200498672623492968e+00,-1.964893715563219123e+00,-9.528815971324102740e-01,8.108009839490599724e-01,-4.414441508750726606e-01,7.179540788874446688e-01,6.561359079838246622e+00,-1.286618656546089534e+00,-1.399952181603849155e+00,5.314259410226356728e+00,4.272899863665398534e+00,-3.850627731408213794e-01,-5.367268931460088544e-01,-1.848459641095242301e+00,-1.235950583106490308e+00,-2.380265706010824822e-01,-1.962554269043631949e+00,4.838615224699839845e-01,1.343465559041251645e+00,8.078472430194214571e-01,-1.984287483142090691e+00,2.072574907266637290e+00,-4.191430468125140196e-01,-6.970579400824956640e-01,2.128937631970478361e-01,-1.189436805870603298e+00,1.547363804378278029e+00,1.372755941600107610e+00
5.866556061241588738e-02,4.617393113468534760e-01,4.011852694401910391e+00,-6.545976684137441159e-01,-2.578774038368858434e+00,-3.114327763246870884e+00,1.922784534530239453e+00,-1.711286472521518665e+00,6.652918375051921629e-01,3.725066723987436212e+00,-1.344061179718400112e+00,3.777600464905591338e+01,5.684486284337575412e-01,1.625078731552521416e-01,-3.193575534753136380e-01,3.122437354586964364e-01,-2.401240213593549999e+00,-6.471905118778429333e-01,-1.513333160310211589e+00,-6.946864731411913629e-01,-4.993537391187739871e+00,-1.842828211729737209e+00,9.606796818739218313e-01,-4.933528486342244057e-01,3.357964341500844219e-01,-6.235503711765635337e-01,9.414648555860728463e-01,-1.060851853988085658e+01,-1.501800973743992351e+00,-1.414584473610902782e+00
-1.704235267945175825e-01,-1.696748714621529430e+00,8.007048003752512688e-01,-1.256301032554059116e+00,7.914824038680322582e-01,-6.829265433300256705e-01,5.591727693741575800e-02,2.992291181059503757e-01,7.127722277455291078e+00,-2.328420015592883363e+00,-2.434221479612008743e-01,1.571961580745855969e+01,8.254648541057389988e-01,1.292564575201306853e+00,7.206446900610601336e-01,-2.688259274675189214e+00,7.328548233443012982e-01,1.089246054869083435e+00,3.883777660095016904e-01,5.295598971059736204e-01,2.380761591517942755e+00,-2.113171847225190358e+00,4.426358195744820812e+00,2.253578484285680528e+00,-4.553251388872853744e-01,-8.843354499762641208e-01,-1.334678844840214151e-01,3.171635938431647261e-01,6.494624274571887401e-01,1.366448842163790811e+00
-2.552030902639172982e-01,-3.419917526536480068e+00,-6.076480046302231708e-01,4.777536668464036351e-01,-2.292428686564336182e+00,-1.718940288518927328e+00,-2.098331937559076155e-01,-5.974482479601085361e-01,3.301629089746052870e+01,-3.788082989060336803e-01,2.243524417129278081e+00,6.493803560701261191e-02,5.859270216417254984e-01,-5.437352468154189600e-01,-1.179006641785978804e+00,-9.102380171219419669e-01,-7.221673228456686189e-02,1.358266391890399660e+00,-8.045189792787138527e-01,-6.982847304522314946e-01,2.846255041196094737e+00,-4.085335504513902372e+00,3.977946914301572434e+00,5.385388802252140117e-01,1.372647820868661661e+00,-1.252860576989267560e-01,1.379881766488361361e+00,-1.509334678207101765e+00,-5.030265935748053918e-01,-3.013213977584154324e-01
-8.050748621604674193e-01,-1.185322284568986584e+00,-8.061925645743864277e-02,7.992392593714594540e-01,1.841408591005426310e+00,-4.876680526832050111e-01,2.437977886092707269e+00,1.145242192326585196e+00,4.584100712590116089e+00,-1.745415235188857883e+00,2.899335837394424242e+00,9.486212504065331785e+00,8.584848149499494374e-01,-9.565971281759131362e-01,-2.824336668337287914e+00,-4.109797691278824772e+00,-9.092173996880642539e-01,1.467050297981874696e+00,-1.854269348847116916e+00,-4.173666882558740854e-01,2.905752897664295453e+00,-1.724066253752388977e+00,5.163132407413260516e+00,-4.418912540273196021e-01,-1.154237107215500879e+00,-2.340671248536788651e-01,-2.399533637912258932e-01,-1.454578775681535951e+01,1.056267096449303278e+00,1.843523035811375665e+00
2.285830243551372654e+00,3.345896965997181116e+00,1.072030150364298828e+00,-1.004604821852557395e+00,1.506467545484021731e+00,1.885841663288684300e-01,1.577104987945979309e+00,1.492429974350999722e-01,3.001192490923142131e+01,1.325417917140077506e+00,-1.843788449875435775e+00,4.716025104871093276e+00,1.373080836876684963e+01,-1.729166262770378548e+00,-6.256104928690555678e-01,-6.751477125408798796e-02,1.117796860386668811e+00,3.449357855725455196e-02,1.002955988918894814e+00,-5.442511224485029331e-01,2.294996740722132778e+00,-2.330207142780642116e+00,6.148563185409022802e-01,2.134244690943888578e+00,-1.843693987045998295e+00,-1.282449748082108654e+00,1.369829770243667255e+00,-8.213079582208660412e+00,-5.627616774637649311e-01,-3.330438727460091730e+00
-6.803111883481339772e-01,-2.237132378565612978e+00,9.946914483980352495e-01,2.228191552132012254e-01,-3.702443108866577126e-01,-2.376408299333298002e-01,5.775458523716817671e-01,4.402043186670834274e-01,1.498946074611804846e+01,8.488730894273955885e-01,1.029789983851333135e+00,-8.706434555821480625e-01,2.715468258215429920e+00,-4.955310948531145843e-01,-9.988974206519704024e-01,-1.806090053175845478e+00,-1.556013207258710507e+00,1.385259679345355321e+00,-5.458714581150422296e-01,-1.318474868251569898e+00,-1.102363057696767346e+00,2.420379144968515028e+00,7.063172613865600802e+00,-5.201398718520686693e-01,-1.945680776159519620e-01,-2.715219851286746477e-01,-3.544886676309453311e-01,5.304039918350005323e-01,1.097830247854730157e+00,1.396061298818407126e+00
-2.412014660331683324e-01,1.147864792010887952e-01,-1.584482671003488441e-01,1.674201989436047144e+00,-5.779964278947459233e-01,2.653276721349197675e+00,2.360194638605517259e+00,1.456537635029373723e+00,9.268519039887114230e-01,2.299978857812994271e+00,3.611461650942951462e-01,1.496503677933185905e+01,-2.298463777032350830e+00,1.060958831432458283e+00,1.440908282135117791e+00,-6.772000242322024910e-01,1.283282382546152567e+00,-8.852614856945504318e-01,5.616446559240761971e-01,-8.629123091287431713e-01,2.169493222518277697e+00,4.440702186932170559e-01,2.104283914957315371e+00,3.034661302453091292e+00,-1.643197341310052018e+00,-6.363998364357834614e-01,-1.037286753387160476e-01,-1.489598741958885952e+01,-1.429219528126675964e+00,-1.279234468372534961e+00
-1.049108935342275561e+00,2.104546724330083607e-01,2.345132818749322112e+00,2.142874863397013829e+00,2.114391438369647158e+00,-8.884073587147284234e-01,4.749882285147301597e-01,8.072545027122965955e-01,6.873360984405529894e-01,1.108054092205771779e+00,-4.050865013156765837e-01,5.763723965121290149e+00,2.689340599358434059e+00,5.081000723654452988e-01,-6.239006241459383456e-02,-1.320657518717806012e+00,-7.333245631483400473e-01,-1.655354162700966858e-01,-3.320259010346481299e-01,9.828350107411679693e-01,1.890687768991099915e+00,-1.702076708522103354e-01,1.717574389496846266e+00,6.782491194394235645e-01,1.013866421574935339e+00,1.320965438215881083e+00,-1.366059190553275515e+00,-1.446172918627068871e+00,-9.421109699362770762e-01,-1.971644643051521095e+00
